2.764955895077835936e-23 7.707078031327085910e-11 3.281883024274179180e-19
9.325062360487382405e-27 6.004388203003155344e-14 2.902761754175404818e-22
2.250216656621251216e-32 4.080660645661094045e-20 2.172521700383502104e-26
7.098825666042354950e-32 2.960424611611704410e-19 3.413606826209378639e-27
6.903938905599642834e-35 3.284774279008993434e-20 2.168524207342917818e-32
1.040388838733905775e-34 2.489741346260371606e-21 1.363306021989041439e-32
8.526462622985737125e-35 1.687247132305164055e-22 8.078922880652032306e-33
9.949610468022374758e-33 1.315675839146626121e-20 1.863440547148087967e-31
1.616409891164874405e-26 3.241997006275679563e-15 9.163596862107427530e-26
9.358074691767756994e-24 4.639510650661371471e-11 1.538137559078938459e-23
4.691960753893191551e-19 1.259286552667617798e-01 6.629611176271227899e-19
2.645774205583270766e-18 2.829339206218719482e-01 1.694540199871838584e-17
1.384703204149965311e-14 3.297809958457946777e-01 1.580678676057351018e-13
1.173950056631602179e-14 2.827821671962738037e-01 7.044362380741187035e-13
2.112061746198726220e-13 3.807673454284667969e-01 2.477617069840398756e-11
9.278020788715951594e-14 4.177317321300506592e-01 3.111720603410361718e-11
7.050551481080184757e-15 5.261981487274169922e-01 6.510290136846341724e-12
1.878171258451401433e-15 5.270079970359802246e-01 3.535245447078283476e-12
1.764626783039538092e-16 4.715484976768493652e-01 8.486822355990852884e-13
4.443857110862710238e-17 4.474400579929351807e-01 2.386869727474122405e-13
2.354779510712628607e-19 3.227292001247406006e-01 4.774829332241476917e-15
4.730652385539300843e-20 3.983433842658996582e-01 1.719238760788932823e-15
1.241784194885079798e-22 4.875783622264862061e-01 2.586488061771033262e-17
2.108311706332029726e-23 5.136829614639282227e-01 3.678243054993636881e-18
5.486508860365638108e-25 5.817179083824157715e-01 2.481371490151685385e-19
1.798695185281721063e-25 6.113282442092895508e-01 5.345930327788983432e-20
1.277637196166006333e-26 6.594890356063842773e-01 2.807354467673725844e-21
3.187251047250382401e-26 6.536405086517333984e-01 4.637647073208936740e-21
9.746227956288289712e-26 6.763677597045898438e-01 7.512955963011671005e-21
2.991522466298873379e-24 5.803542137145996094e-01 8.881011721978510490e-20
2.952515577499154055e-21 5.574610829353332520e-01 1.132512084518500165e-17
2.622489536628997598e-20 3.390916287899017334e-01 3.033130354655573448e-17
1.756356989030847850e-19 2.483970224857330322e-01 4.201152723844546303e-17
8.239388400336440748e-20 2.438006848096847534e-01 2.909465198717670704e-17
5.550711748500071218e-19 1.646589189767837524e-01 2.089160706986224834e-16
1.358088704337018598e-18 1.209290772676467896e-01 6.061949443958520515e-17
1.662906166269850636e-17 5.726360157132148743e-02 3.758040870901606942e-16
3.879462183622673841e-17 4.082186520099639893e-02 1.514909426439251579e-15
3.338715209248027671e-14 1.092518796212971210e-03 1.013123030022163029e-13
3.094365909339646947e-12 4.282197187421843410e-05 3.230113659186129027e-12
6.232466986944018572e-09 6.889614923011322389e-08 9.296892145016499853e-09
2.524997171349241398e-07 1.212487887869428960e-08 6.330942028398567345e-07
5.630453303456306458e-02 9.056171812460434012e-09 2.681203186511993408e-02
8.814057707786560059e-02 1.467897181584021382e-08 7.250796258449554443e-02
1.151679158210754395e-01 4.671045772397519613e-09 1.304806321859359741e-01
2.454433776438236237e-02 1.040540986707583215e-09 3.234164789319038391e-02
8.315560221672058105e-02 9.180526130969646204e-12 9.070090949535369873e-02
6.630799174308776855e-02 4.186652760584941291e-12 8.673364669084548950e-02
1.080593019723892212e-01 4.824458771390295608e-14 1.331166923046112061e-01
9.932849556207656860e-02 1.276385647294622089e-14 2.135670781135559082e-01
1.602016240358352661e-01 6.018909714675059388e-16 2.780603766441345215e-01
1.813348680734634399e-01 4.812570155755813150e-16 2.833030521869659424e-01
3.518083393573760986e-01 2.979246750762685157e-16 4.338310360908508301e-01
3.520116508007049561e-01 4.700370053980140392e-16 3.970916867256164551e-01
4.447368979454040527e-01 3.926304336450588128e-15 5.332498550415039062e-01
4.607716500759124756e-01 9.673129810171265941e-15 5.837640166282653809e-01
5.174991488456726074e-01 7.755093496628756577e-14 6.552148461341857910e-01
5.834154486656188965e-01 2.310712656373309359e-13 6.901379227638244629e-01
5.466549992561340332e-01 3.328354302237213069e-12 6.759150028228759766e-01
5.578649044036865234e-01 1.037110067964031046e-11 6.544420719146728516e-01
4.687631726264953613e-01 1.248284253740905569e-10 5.421608686447143555e-01
4.521814584732055664e-01 2.608927518465975481e-10 5.562567710876464844e-01
3.979583978652954102e-01 8.439828280693006946e-10 5.145654678344726562e-01
4.105194211006164551e-01 1.261306836752851268e-09 4.840724766254425049e-01
3.681907653808593750e-01 4.405131814877449870e-09 4.164389669895172119e-01
3.677081763744354248e-01 6.760402460059822261e-09 4.138272702693939209e-01
4.458918571472167969e-01 4.030198752502656134e-08 5.305442214012145996e-01
4.714560508728027344e-01 5.853187445836738334e-08 5.585057735443115234e-01
2.921145558357238770e-01 1.755493457267220947e-07 3.632604479789733887e-01
3.581030368804931641e-01 6.233776872477392317e-08 3.980074226856231689e-01
1.864444017410278320e-01 2.276187238692273240e-08 3.164937794208526611e-01
1.578545570373535156e-01 1.042599118150633331e-09 2.031197845935821533e-01
2.313316613435745239e-01 1.421534140400027013e-10 2.211501151323318481e-01
1.516536921262741089e-01 2.444841031012945365e-11 1.800554394721984863e-01
1.025269284582464024e-05 1.987491795489917945e-13 2.560308530519250780e-05
8.644740923102745001e-09 3.037022074001512932e-16 3.560962014148572052e-08
2.847644469945558032e-14 1.432839995242367089e-20 7.757805357312685945e-13
8.485429158316791379e-17 1.696327489304109660e-22 1.142576803298250149e-14
3.052201055482794691e-24 6.550650420553541311e-26 7.486750331906365565e-21
3.651008891920204531e-27 1.010196940372957152e-26 2.287363568066749925e-23
3.570381567574084298e-34 1.584828792863366322e-29 1.912543828494083132e-29
5.844512765815009258e-37 5.715442365110477956e-30 5.536253368184971800e-32
0.000000000000000000e+00 8.166212152408218321e-32 1.379814036529481841e-38
0.000000000000000000e+00 4.458770819448652983e-30 0.000000000000000000e+00
0.000000000000000000e+00 5.398700375523218184e-28 0.000000000000000000e+00
0.000000000000000000e+00 4.495719069226524034e-27 0.000000000000000000e+00
0.000000000000000000e+00 4.609648746230185688e-24 0.000000000000000000e+00
0.000000000000000000e+00 6.474300245290282930e-21 4.587515308983521718e-37
1.974465635934947775e-30 9.072920230867795310e-14 5.251974847157534911e-29
3.690287000540817798e-26 2.038920809965816261e-09 3.084963582864174567e-25
9.135436286339331077e-17 3.246289789676666260e-01 6.166602349825259450e-17
7.712286484353597649e-14 4.103789329528808594e-01 9.390198444118522114e-14
1.219132315100068809e-07 2.670919895172119141e-01 2.067035040909104282e-07
1.475314775234437548e-06 3.545961081981658936e-01 5.547944510908564553e-06
1.840428262948989868e-01 2.508504688739776611e-01 1.312524676322937012e-01
1.222453638911247253e-01 1.760358661413192749e-01 1.810876578092575073e-01
2.112729549407958984e-01 2.958637773990631104e-01 3.305425643920898438e-01
1.866652816534042358e-01 4.149904549121856689e-01 2.547632455825805664e-01
3.613728284835815430e-01 3.167400360107421875e-01 3.702493309974670410e-01
2.272499948740005493e-01 3.633365631103515625e-01 3.414291441440582275e-01
1.893164515495300293e-01 1.345228850841522217e-01 2.338268905878067017e-01
3.311609625816345215e-01 6.460756063461303711e-02 3.617002367973327637e-01
1.617589741945266724e-01 9.940460324287414551e-02 2.229013293981552124e-01
5.841123685240745544e-02 2.779933996498584747e-02 2.833185158669948578e-02
7.250912953168153763e-03 9.340351447463035583e-03 1.974089071154594421e-03
2.403507009148597717e-03 2.282919362187385559e-03 1.554482732899487019e-04
6.398331152013270184e-06 2.072193456115201116e-04 4.590891933275997872e-07
7.798501542310987134e-07 8.620705557405017316e-06 1.358834023079680264e-08
1.061232257626443243e-08 4.444316026308570144e-09 1.170147728712933599e-10
1.251966419424377364e-09 1.626257045694856629e-10 8.951812381641222061e-12
1.603167251729153975e-11 2.226454291114413064e-13 1.005430683371014156e-13
1.298061484689139178e-11 3.798509087566542819e-14 3.890642894118466477e-14
3.902203647015989318e-12 2.496063370506810750e-15 9.776742268411200976e-15
7.513291204463978801e-12 1.930118306798849978e-15 1.752509812616431795e-14
1.394480017569144081e-11 3.376651527966590197e-15 2.762112099371355489e-14
2.533079648814329232e-11 9.642588343192117634e-15 5.530583383297517364e-14
6.017111114919870829e-11 8.228608631066433587e-14 1.619444866835656471e-13
3.173087487207126856e-11 2.922741801185402277e-13 2.322718298079784471e-13
2.871713630780980964e-11 1.064971353291477296e-12 3.006141884899504735e-13
3.448863764021758982e-11 4.444004192416528554e-12 9.290386385543691894e-13
1.586307127321440191e-11 7.113875027248139915e-12 5.086159900365150310e-13
1.075221855995067699e-11 1.393833746338168922e-11 5.797719075661955657e-13
9.775191940619709641e-12 2.800848962480895210e-11 7.888108027008511325e-13
3.046108851267881334e-11 4.253001006926382388e-10 4.218185696569509702e-12
7.666396961703014767e-10 1.154004181103118754e-08 3.102179971237184475e-11
5.502179156735564902e-09 3.801383030577198952e-08 1.031984150912101939e-10
6.950328952370909974e-07 2.250897978228749707e-06 6.857060252940527789e-09
9.626156497688498348e-06 1.521261401649098843e-05 4.861282221213514276e-08
7.594452220341096131e-19 1.904789000140016952e-11 1.323894133148872753e-17
3.620492144423469089e-22 1.313022363362212341e-14 1.807462662966817417e-20
4.875517461677542351e-27 2.469574577913165088e-21 4.805634927245104303e-24
1.629012868572153374e-26 2.476018629924444283e-20 1.465277872834660046e-24
5.540169800329425642e-29 1.043540283861999060e-20 6.131473626680055761e-29
1.293475615509234334e-28 5.890913346828787343e-22 5.961128132364542855e-29
6.267835485273748270e-28 6.574117504065862547e-23 2.275791007707218440e-28
1.006873401586526986e-25 8.011362978230414140e-21 6.307583501541492579e-27
9.903252508964052561e-20 1.006552629331629312e-14 4.154195951985421175e-21
1.850038905375477066e-17 2.212576649673891893e-10 1.132839875515739616e-18
3.596734726458300502e-13 2.135795354843139648e-01 3.148227663805902576e-14
3.610826102094094603e-13 2.617072463035583496e-01 2.354885492335256902e-13
1.395337456688849898e-10 2.027581185102462769e-01 2.584229219504408093e-10
6.449978051659144285e-11 1.044599711894989014e-01 4.024756083964575737e-10
1.397486709686646122e-10 2.890854775905609131e-01 1.145973427263413669e-09
4.961270630432501605e-11 3.588773906230926514e-01 7.138620805591244789e-10
4.561953028878185101e-13 3.426785171031951904e-01 1.067383594705040295e-11
1.375160158271701571e-13 4.049140214920043945e-01 4.884499488905236220e-12
3.223314212316328274e-15 4.286051988601684570e-01 6.854365707832654753e-13
4.021960190700489893e-15 4.145502448081970215e-01 3.959224441352215962e-13
2.114383892317579804e-16 4.374921321868896484e-01 7.897647786398939718e-14
4.859851534871548195e-17 6.515715122222900391e-01 2.546295388894306150e-14
1.607885694648851356e-19 4.690994918346405029e-01 9.818031683518499897e-17
5.954064789967446358e-20 4.488323330879211426e-01 1.979947124268562530e-17
2.175597972866864558e-19 5.505632758140563965e-01 2.814415859762672422e-17
5.276440887856449604e-19 6.743514537811279297e-01 3.270026610284635044e-17
1.664601721089461832e-16 6.137153506278991699e-01 1.192127193097266332e-15
2.069428545084343873e-14 6.695080399513244629e-01 1.191728329517569018e-13
4.242911577634345122e-11 5.715261101722717285e-01 2.205392812815176740e-10
1.692128748231880309e-08 4.957546591758728027e-01 5.414140602510997269e-08
1.301470845937728882e-01 4.726546704769134521e-01 6.286490708589553833e-02
1.758537888526916504e-01 4.730811119079589844e-01 2.227216511964797974e-01
1.351304799318313599e-01 3.313292860984802246e-01 1.383157521486282349e-01
2.017730847001075745e-02 2.620391249656677246e-01 2.660892531275749207e-02
2.848520576953887939e-01 2.348290979862213135e-01 3.216201961040496826e-01
3.694976568222045898e-01 2.655480802059173584e-01 4.103595614433288574e-01
2.407053709030151367e-01 1.412379890680313110e-01 3.170405924320220947e-01
2.638094723224639893e-01 1.082189530134201050e-01 2.769986391067504883e-01
3.885280489921569824e-01 1.180255338549613953e-01 3.787602484226226807e-01
3.057038486003875732e-01 1.333751231431961060e-01 3.012197613716125488e-01
2.681661248207092285e-01 1.489723324775695801e-01 2.713706493377685547e-01
2.394694238901138306e-01 7.469692826271057129e-02 2.408829480409622192e-01
3.097521066665649414e-01 9.412113577127456665e-02 3.466655015945434570e-01
3.423978686332702637e-01 9.982009232044219971e-02 3.677541613578796387e-01
2.681946158409118652e-01 9.628587216138839722e-02 3.441085517406463623e-01
2.304796725511550903e-01 1.060856282711029053e-01 2.463887333869934082e-01
4.052265286445617676e-01 5.510707572102546692e-02 4.735717773437500000e-01
4.354178905487060547e-01 3.910098224878311157e-02 5.153638720512390137e-01
4.601216316223144531e-01 3.493673284538090229e-04 4.561943709850311279e-01
4.894113242626190186e-01 1.896822323033120483e-05 4.940319955348968506e-01
2.580392062664031982e-01 2.375225793826984955e-09 2.945522665977478027e-01
1.929301321506500244e-01 4.669045705618657394e-11 2.437048405408859253e-01
4.325179755687713623e-01 4.817029276003338689e-14 4.715529382228851318e-01
4.339745342731475830e-01 6.657933498819450582e-15 5.514445304870605469e-01
4.001812040805816650e-01 4.045564457841625480e-15 5.209048390388488770e-01
4.057086110115051270e-01 1.835923796141198695e-15 4.667375087738037109e-01
5.042099356651306152e-01 6.085983818548404076e-15 5.952571630477905273e-01
5.322862267494201660e-01 2.074123309897795558e-14 6.509926319122314453e-01
5.347694754600524902e-01 5.912451517958716707e-13 6.576680541038513184e-01
5.497864484786987305e-01 1.711274785071159599e-12 7.008826732635498047e-01
3.104104697704315186e-01 7.009050458084420399e-12 4.322977066040039062e-01
3.083072006702423096e-01 5.381472611282189789e-12 3.877365887165069580e-01
1.899266690015792847e-01 1.869592588382706921e-12 2.986722290515899658e-01
2.169736176729202271e-01 1.771317467702537840e-12 2.800501883029937744e-01
1.484338492155075073e-01 1.751626187845856109e-12 1.951319575309753418e-01
1.528126299381256104e-01 9.085323097145214799e-13 2.701612114906311035e-01
2.187778949737548828e-01 6.101249605365566264e-13 3.798348903656005859e-01
3.360303938388824463e-01 1.298377095941549708e-13 3.999501764774322510e-01
2.673203945159912109e-01 5.367723409852032113e-13 2.918737828731536865e-01
1.268475204706192017e-01 1.358219092750800883e-13 1.567402333021163940e-01
4.084757165401242673e-05 1.475289345981983802e-13 8.452837209915742278e-05
1.087111733966139582e-08 2.396853577768466755e-15 4.243824491823033895e-08
3.096803541836353315e-16 1.898497296328426065e-17 3.972671936422825234e-14
2.810699298496380455e-20 1.266380223799030111e-18 1.028551975501998893e-16
1.312400886478377032e-30 4.959814130855950835e-22 3.661012249088549609e-25
1.855769347238083530e-34 5.483854146204343098e-24 1.710239633237340721e-28
0.000000000000000000e+00 4.979400389540839904e-28 1.105027252704707889e-35
0.000000000000000000e+00 2.007435450096980580e-29 7.767834032353944637e-38
0.000000000000000000e+00 8.560793867631788035e-32 0.000000000000000000e+00
0.000000000000000000e+00 1.681668330856988785e-31 0.000000000000000000e+00
0.000000000000000000e+00 1.104473215584871459e-31 0.000000000000000000e+00
0.000000000000000000e+00 7.096636190264513358e-31 0.000000000000000000e+00
0.000000000000000000e+00 1.147105616820550483e-29 0.000000000000000000e+00
0.000000000000000000e+00 4.191046966860174136e-27 0.000000000000000000e+00
0.000000000000000000e+00 1.855128376523156429e-23 0.000000000000000000e+00
0.000000000000000000e+00 1.179035194501473437e-21 0.000000000000000000e+00
0.000000000000000000e+00 8.629940589180010505e-18 0.000000000000000000e+00
0.000000000000000000e+00 1.590842859666165808e-15 0.000000000000000000e+00
0.000000000000000000e+00 1.466202576017039405e-10 0.000000000000000000e+00
0.000000000000000000e+00 1.285473842926876387e-07 0.000000000000000000e+00
1.080308328422468145e-32 2.116176784038543701e-01 9.884810754186120748e-32
7.093418909246086790e-30 2.818422615528106689e-01 1.135659499188175639e-28
3.373779809065687543e-23 2.899424731731414795e-01 3.682237107890459113e-22
1.002961541430339470e-21 3.746091723442077637e-01 2.554947008439775103e-20
5.519810479461158270e-15 2.270448803901672363e-01 4.407179509573547205e-14
4.034816372070620938e-14 2.373202145099639893e-01 5.920768432823853011e-13
1.106362614369804653e-12 3.893072903156280518e-01 2.393898100583324862e-11
1.792169928085951547e-12 4.572554826736450195e-01 7.421501607707270409e-11
9.066849493422068917e-10 4.709780514240264893e-01 1.412939631961762643e-08
6.459965895544428349e-10 4.090493917465209961e-01 5.035118988416797947e-09
5.242364875535088231e-11 9.826330095529556274e-02 6.197080626435536033e-10
5.903972449816663470e-11 3.469274193048477173e-02 7.998215978410883054e-10
1.486335082789835838e-10 1.476173549890518188e-01 7.073765462273229332e-10
3.226667197320232106e-11 4.859308525919914246e-02 3.904841033852690657e-11
3.345143606559020100e-12 1.009272504597902298e-02 1.902783486329440166e-12
6.085594810197048066e-13 6.211459636688232422e-03 1.851772451740354986e-13
2.252494599600863602e-15 3.299211384728550911e-04 1.069492704202604661e-15
5.027644526557888821e-16 2.810620208038017154e-05 1.031353338451695479e-16
6.759111822596993173e-17 2.444989455341328721e-08 1.082148034870351500e-17
2.926864115722111089e-17 2.568726120699693638e-09 3.527091928071515858e-18
1.293295316083494919e-17 8.207534478443800907e-12 8.251282223569187595e-19
4.877755693794135969e-17 2.221640840044392107e-12 1.924909462800458632e-18
3.168271946760934906e-16 1.928081853246402244e-13 1.336881199638200308e-17
1.239285223040057470e-15 1.533481729185798281e-13 9.979226023847933506e-17
6.350455372065161308e-14 2.146471883698528038e-13 2.684840544670192598e-15
2.946901620295983015e-13 3.611369829483596083e-13 1.216378021662864808e-14
6.092799008372562497e-12 1.199354309443234623e-12 2.281911096711775055e-13
6.201259991622798395e-12 2.541387456381216658e-12 6.038236317201794989e-13
6.999743146218762035e-11 9.024362854215262075e-12 7.439156061994633973e-12
1.115834646903124394e-10 2.518698617726133904e-11 2.443880688096644604e-11
1.779924957423517640e-10 2.194113640774375540e-11 2.582621616564750866e-11
1.240149094527964735e-10 2.053793593526087591e-11 2.168534969648749922e-11
1.310320740799397754e-10 9.356382855985057034e-12 2.169217583336546795e-11
3.180839480698693933e-10 8.370966420034875455e-11 8.531820389068300869e-11
5.980720363396585526e-09 6.756377679550951143e-10 4.223962568605799106e-10
2.969795431795319018e-08 1.878409872091424404e-09 1.272458360901396190e-09
3.562742904250626452e-06 9.791220634269848233e-08 6.302148136683172197e-08
4.229115074849687517e-05 9.997575034503825009e-07 3.188743278315087082e-07
2.735512652094887649e-19 6.263655826649339176e-12 4.405086245653676023e-18
1.027086296307191200e-22 3.253382399636198241e-15 4.854394243091972273e-21
1.115237756578119755e-27 3.375905631433077126e-22 1.083999309235998852e-24
3.843706271761913904e-27 3.647108790993056402e-21 3.079954316116021142e-25
1.078379107681645782e-29 1.437673932921169712e-21 9.022783177928685038e-30
2.497474180898283649e-29 7.630620612855362530e-23 9.202285867276651629e-30
1.481834814077087154e-28 8.464933474624674417e-24 4.191586407800534848e-29
3.191801480448585011e-26 1.335288218768837382e-21 1.434426459603791224e-27
6.437732157528833452e-20 2.932902613603086996e-15 1.967722727028179389e-21
1.582102200951995575e-17 9.213491775073023859e-11 7.186827954232621006e-19
5.962722720090352091e-13 2.016183137893676758e-01 3.616455279773639342e-14
6.754743791213824178e-13 2.529195845127105713e-01 3.217107840975536037e-13
3.585500507607974896e-10 2.031038105487823486e-01 5.024419214016973001e-10
1.699472645944055671e-10 1.012347415089607239e-01 7.895585851791508958e-10
4.058899882863897801e-10 2.823590636253356934e-01 2.349860528383374003e-09
1.384674319648837582e-10 3.509646356105804443e-01 1.324172327343831057e-09
1.057962203086793007e-12 3.176791369915008545e-01 1.560594188598773968e-11
2.778530443919846604e-13 3.775986731052398682e-01 6.699893244366261769e-12
5.768801320020717008e-15 4.098923802375793457e-01 8.703720795304181745e-13
8.023131651776517492e-15 4.041956067085266113e-01 5.516889571045846541e-13
4.452921025142821294e-16 4.399025738239288330e-01 1.289032628467440267e-13
1.068199668703951569e-16 6.632876396179199219e-01 4.318138389718638448e-14
2.240971349146637449e-19 4.874999225139617920e-01 1.198286393173225977e-16
4.919063126446139943e-20 4.756547808647155762e-01 1.641358607621211797e-17
1.061673843879137370e-19 5.685718655586242676e-01 1.479087112698111635e-17
1.663964145782942444e-19 6.993705034255981445e-01 1.337773892955267536e-17
2.958790640388697787e-17 6.407117247581481934e-01 3.164419005642111907e-16
4.540576441447669379e-15 6.975539326667785645e-01 4.071421409105983880e-14
1.148725385646809372e-11 5.968828201293945312e-01 1.085834200331703414e-10
8.192531986139783839e-09 5.245874524116516113e-01 4.250458829346825951e-08
1.481716930866241455e-01 5.061920881271362305e-01 1.037496253848075867e-01
1.970004886388778687e-01 5.031510591506958008e-01 3.352315723896026611e-01
1.165130808949470520e-01 3.522143065929412842e-01 1.486569195985794067e-01
1.334217283874750137e-02 2.949799895286560059e-01 2.517228759825229645e-02
2.479465752840042114e-01 2.614437639713287354e-01 3.795950710773468018e-01
3.710660934448242188e-01 2.973602712154388428e-01 4.601805806159973145e-01
2.414682209491729736e-01 1.592474877834320068e-01 3.630909025669097900e-01
2.378539890050888062e-01 1.203897148370742798e-01 3.235794901847839355e-01
3.516337573528289795e-01 1.408560574054718018e-01 4.006964862346649170e-01
2.738076448440551758e-01 1.655832827091217041e-01 3.332465291023254395e-01
2.528663277626037598e-01 2.011764347553253174e-01 3.470991253852844238e-01
2.504441142082214355e-01 1.037704199552536011e-01 2.545195221900939941e-01
2.944307327270507812e-01 1.431428641080856323e-01 2.857656776905059814e-01
2.867853343486785889e-01 1.553160995244979858e-01 3.668693900108337402e-01
2.356179058551788330e-01 1.685439944267272949e-01 2.784868180751800537e-01
2.071435600519180298e-01 1.816939562559127808e-01 1.915909647941589355e-01
3.727822601795196533e-01 1.762138903141021729e-01 4.378932118415832520e-01
4.134035408496856689e-01 2.721963524818420410e-01 4.595688283443450928e-01
4.384297430515289307e-01 6.030219048261642456e-02 4.582720696926116943e-01
4.626538455486297607e-01 1.438646577298641205e-02 4.654188454151153564e-01
2.385618686676025391e-01 6.777151156711624935e-06 2.633465528488159180e-01
1.580105870962142944e-01 1.216080676158526330e-07 2.031672745943069458e-01
3.717761337757110596e-01 4.436257611262206524e-11 4.031386673450469971e-01
4.100438356399536133e-01 3.040674049353819797e-12 5.004712939262390137e-01
3.103622794151306152e-01 3.938451669828479940e-13 4.265608191490173340e-01
2.810693979263305664e-01 1.117338643483178906e-13 3.502055406570434570e-01
5.149838328361511230e-01 1.300960207617496422e-13 5.404630899429321289e-01
5.515306591987609863e-01 2.704038165254885051e-13 6.145548820495605469e-01
4.376648366451263428e-01 5.153473134344999096e-12 5.743901133537292480e-01
4.563989043235778809e-01 1.198316793016296344e-11 5.836375951766967773e-01
2.865770161151885986e-01 4.626759045334161158e-11 3.303376138210296631e-01
2.786268591880798340e-01 4.083996335557671387e-11 3.000573515892028809e-01
2.087939530611038208e-01 3.166539946919399995e-11 2.796724438667297363e-01
2.701281011104583740e-01 3.806275086781774064e-11 2.751581966876983643e-01
1.956986337900161743e-01 6.916425071556986381e-11 2.235601395368576050e-01
1.987769752740859985e-01 5.641900141517552925e-11 2.899189889430999756e-01
2.422890812158584595e-01 4.070433920477789513e-11 3.750789761543273926e-01
3.584538102149963379e-01 7.492726925018011741e-12 4.666371941566467285e-01
2.960082590579986572e-01 1.674659369510500539e-11 3.932352662086486816e-01
2.147628515958786011e-01 2.241073212422284300e-12 2.965991795063018799e-01
3.908523358404636383e-04 9.119717784764058699e-13 9.633477311581373215e-04
3.445710206051444402e-07 8.257534467401989042e-15 9.277001709051546641e-07
3.988144179050551186e-14 3.985697651437349227e-17 1.616658629882694598e-12
5.939371037909389940e-18 1.032986250883518034e-18 3.417171678339104603e-15
5.294138749947518568e-28 9.584569121659011975e-23 1.414239223077107389e-23
7.099963544573950925e-32 3.825323347479935514e-25 3.785096756880310420e-27
0.000000000000000000e+00 2.874321607817099388e-30 1.815867053746176743e-34
0.000000000000000000e+00 2.987655543833126792e-32 1.028172726780034831e-36
0.000000000000000000e+00 4.129783788842545438e-36 0.000000000000000000e+00
0.000000000000000000e+00 1.597356666016125727e-36 0.000000000000000000e+00
0.000000000000000000e+00 4.495162845796071795e-38 0.000000000000000000e+00
0.000000000000000000e+00 8.111172334811411097e-38 0.000000000000000000e+00
0.000000000000000000e+00 2.109406640057010889e-37 0.000000000000000000e+00
0.000000000000000000e+00 5.094762986103537331e-35 0.000000000000000000e+00
0.000000000000000000e+00 6.451286970476635542e-32 0.000000000000000000e+00
0.000000000000000000e+00 3.248545782734710497e-30 0.000000000000000000e+00
0.000000000000000000e+00 1.489322396366627240e-26 0.000000000000000000e+00
0.000000000000000000e+00 8.315311015592310329e-24 0.000000000000000000e+00
0.000000000000000000e+00 5.945264699773830262e-18 0.000000000000000000e+00
0.000000000000000000e+00 7.366249808477692840e-14 0.000000000000000000e+00
1.504811297257059145e-32 4.043924855068325996e-05 5.757075051306326430e-33
3.937764263616179951e-30 8.120872662402689457e-04 5.405701672538862645e-30
4.020422898141192288e-24 1.555922925472259521e-01 8.530609300427944534e-24
5.973917417493887040e-23 3.254594504833221436e-01 4.524808207377731475e-22
3.082153048222406122e-17 2.301303148269653320e-01 1.948701600856678488e-16
1.805908786608548537e-16 2.194371819496154785e-01 3.181086443522149199e-15
2.784857136290796314e-15 4.118455946445465088e-01 1.201377728852690008e-13
5.284186242325746019e-15 4.351954460144042969e-01 4.075782409056899480e-13
1.966478412399053077e-12 4.493072628974914551e-01 8.082280678056719125e-11
1.665824704739915507e-12 3.841297328472137451e-01 3.694737918391588494e-11
1.417822294031562125e-13 9.214064478874206543e-02 4.273414521555052303e-12
2.301945255505505328e-13 2.964928373694419861e-02 5.221705880187332838e-12
1.863060703974350751e-12 1.584295183420181274e-01 1.095254182487126471e-11
4.005214400155249210e-13 5.637416243553161621e-02 7.911296400972545051e-13
3.747251396983217187e-14 9.194450452923774719e-03 4.007275604010415715e-14
6.936478165941659113e-15 6.098258774727582932e-03 4.698472276661817132e-15
6.572005553270968440e-17 1.831523404689505696e-04 6.794036049803472044e-17
1.875284457670595471e-17 1.427816278010141104e-05 1.018952180533851484e-17
3.470767132211248821e-18 1.165880370024297008e-08 1.468595277885580915e-18
1.612161261988167244e-18 1.228318002866046754e-09 5.414110108167298537e-19
8.101015042529156051e-19 6.693378924033099864e-12 1.669177451593557901e-19
2.522295372078345592e-18 2.836447873452718760e-12 4.481680068448789312e-19
2.043802986015818608e-17 6.364682001921972976e-13 4.529946677576717891e-18
8.300887810634171074e-17 8.324577463990345816e-13 3.470782021462274775e-17
4.682476059452919670e-15 3.239170650454203937e-12 1.108847337239697150e-15
2.285843599635333651e-14 6.923720277662859246e-12 6.201853690568056091e-15
4.466214453390654482e-13 3.884753976834964817e-11 1.121046547150443551e-13
5.566048381748511797e-13 9.316356019972715785e-11 2.986659042910483342e-13
9.317472141057159263e-12 3.133090453744102888e-10 4.850964248348521579e-12
1.861740102360176508e-11 8.292292963396619143e-10 1.760832105124343627e-11
3.881776150516103030e-11 6.687452258624659862e-10 2.280903764473318773e-11
3.221047040202762446e-11 6.518510176078962104e-10 2.237550769668139594e-11
7.047259303893937954e-11 3.059444364517105441e-10 3.883138949278830410e-11
2.048192726533670793e-10 2.113460073616124646e-09 1.479430883355448145e-10
5.184458196083596704e-09 1.135588778566898327e-08 9.534891765028419286e-10
3.022431371846323600e-08 2.538573440347136057e-08 3.071812804122941998e-09
5.236814558884361759e-06 7.946961204652325250e-07 1.815589030229602940e-07
6.121445767348632216e-05 6.366716661432292312e-06 9.008899723994545639e-07
4.262084812319157135e-19 2.464824871983850585e-11 1.192030542005773186e-17
2.034936629648238743e-22 1.825734963873618805e-14 1.635992807187263068e-20
2.537880510113674896e-27 2.996975525681920609e-21 4.645129343164311136e-24
9.160795943670706285e-27 2.938561711034045043e-20 1.353688074372424532e-24
4.190051682376101269e-29 1.507572693970978743e-20 6.111064787800627271e-29
9.868437349797245945e-29 7.641256098688424629e-22 6.368917316551804723e-29
9.790561168789732821e-28 8.371075119665840521e-23 3.756283689354310740e-28
3.028967277583192570e-25 1.146533317412800804e-20 1.572102100938697208e-26
1.015982519416724859e-18 1.374084460310006500e-14 3.037097016565010237e-20
3.522563858680339329e-16 2.840473412035748879e-10 1.402461898398751959e-17
3.996336248035525784e-11 1.860051155090332031e-01 1.571073132700107067e-12
7.603353363583309488e-11 2.350280731916427612e-01 2.429009771098833426e-11
1.306750903040665435e-07 2.177734673023223877e-01 1.258831332506815670e-07
9.265563249982733396e-08 1.236529722809791565e-01 2.370072849089410738e-07
4.586528916661336552e-07 3.034547567367553711e-01 1.282151401937881019e-06
1.598948387027121498e-07 3.709110021591186523e-01 6.241265850803756621e-07
1.607332711373032907e-09 3.266425430774688721e-01 7.137929802780718092e-09
3.397831738194412310e-10 3.755198717117309570e-01 2.898476791912685258e-09
1.163150999128337304e-11 4.057690203189849854e-01 4.812199527748362016e-10
2.643266681923162054e-11 4.121136665344238281e-01 4.513948381745791494e-10
2.246289959595415553e-12 4.190303087234497070e-01 1.570035351727838702e-10
7.510838197048730347e-13 6.332299113273620605e-01 6.760008525175109639e-11
1.013916543192645067e-15 4.946704804897308350e-01 1.097360727677146319e-13
8.405435499126993264e-17 4.545283615589141846e-01 5.977793570745033175e-15
3.244789660667887190e-17 5.388875603675842285e-01 1.218876281813320323e-15
1.194397519328593675e-17 6.605605483055114746e-01 3.827165112144662257e-16
1.426135741355570607e-16 6.124636530876159668e-01 1.195620356971743067e-15
1.477484990906538509e-14 6.663292646408081055e-01 9.568831594057233825e-14
1.450084930604278455e-11 5.941219329833984375e-01 1.064657598193186061e-10
1.243207847778649011e-08 4.950136840343475342e-01 5.123112600813328754e-08
1.585080176591873169e-01 4.808588624000549316e-01 9.323993325233459473e-02
2.349171340465545654e-01 4.915445446968078613e-01 3.378592133522033691e-01
8.516056090593338013e-02 3.211339712142944336e-01 1.005583405494689941e-01
8.512111380696296692e-03 2.549765408039093018e-01 1.154731959104537964e-02
2.263435274362564087e-01 2.448699027299880981e-01 2.599499523639678955e-01
3.574175238609313965e-01 2.684211730957031250e-01 3.554687201976776123e-01
1.788796931505203247e-01 1.231365278363227844e-01 2.171935588121414185e-01
1.832566559314727783e-01 8.822517096996307373e-02 2.104021906852722168e-01
3.239772617816925049e-01 1.001165285706520081e-01 3.453089594841003418e-01
2.287615239620208740e-01 1.437020748853683472e-01 2.854983806610107422e-01
3.078147172927856445e-01 2.007393985986709595e-01 3.610748052597045898e-01
3.167310953140258789e-01 9.284876286983489990e-02 2.701608836650848389e-01
3.262830674648284912e-01 1.558991968631744385e-01 3.061856031417846680e-01
3.344594538211822510e-01 1.680605858564376831e-01 3.851311504840850830e-01
3.177586197853088379e-01 1.687855124473571777e-01 3.205308318138122559e-01
2.929464280605316162e-01 2.086942195892333984e-01 2.745404541492462158e-01
4.280253052711486816e-01 2.041284441947937012e-01 4.942629337310791016e-01
4.583978950977325439e-01 2.819626331329345703e-01 4.879449009895324707e-01
5.344175100326538086e-01 9.560077637434005737e-02 5.315784215927124023e-01
5.684253573417663574e-01 4.835836216807365417e-02 5.364215970039367676e-01
2.880405485630035400e-01 1.219836703967303038e-04 3.019250035285949707e-01
2.030094861984252930e-01 3.607225835366989486e-06 2.503639161586761475e-01
4.101696014404296875e-01 1.369454327715402542e-09 4.401620328426361084e-01
4.470349550247192383e-01 7.387830625038560584e-11 5.255509614944458008e-01
3.202620744705200195e-01 5.548000860805535339e-12 4.180727601051330566e-01
2.757576704025268555e-01 1.401639004514065867e-12 3.215049803256988525e-01
5.046740174293518066e-01 1.506883159918537274e-12 5.055862665176391602e-01
5.363741517066955566e-01 3.349951392672689821e-12 5.841448903083801270e-01
4.295980334281921387e-01 7.966057674613225004e-11 5.451867580413818359e-01
4.658524990081787109e-01 1.816145844824035294e-10 5.572934150695800781e-01
2.913510203361511230e-01 6.150872033927612392e-10 3.235491514205932617e-01
2.871574461460113525e-01 6.250426842768774804e-10 2.919780313968658447e-01
2.585061192512512207e-01 6.377816608171826829e-10 3.049179017543792725e-01
3.228652179241180420e-01 1.071842392619259954e-09 3.147548735141754150e-01
2.567469775676727295e-01 2.934886778049872191e-09 2.496647536754608154e-01
2.433978021144866943e-01 2.696889378484002009e-09 2.854592502117156982e-01
2.416176795959472656e-01 1.674785865546368768e-09 3.162645399570465088e-01
3.393059372901916504e-01 3.871293285939714224e-10 4.350590109825134277e-01
3.055976033210754395e-01 7.131353285672048514e-10 4.063790440559387207e-01
2.898537516593933105e-01 9.772418985143360715e-11 3.802143335342407227e-01
4.402183927595615387e-03 3.596498446278850736e-11 1.081307139247655869e-02
1.608032471267506480e-05 4.682552631231351459e-13 3.503628249745815992e-05
2.227548180633309727e-11 6.197643513303728591e-15 4.793292429638995600e-10
9.801650119258160931e-15 1.845366757665206051e-16 2.170333791157164072e-12
1.168288958908205550e-23 2.515489685427428737e-20 7.133888653523168657e-20
2.366431337569406579e-27 8.139254143170352223e-23 3.160932830606937110e-23
2.913314089803633840e-35 4.573383060902414294e-28 4.014204498340547795e-30
2.165270019908644024e-37 3.070620136607807087e-30 2.939340081152041426e-32
0.000000000000000000e+00 1.837636658110428560e-34 0.000000000000000000e+00
0.000000000000000000e+00 3.982575721543686558e-35 0.000000000000000000e+00
0.000000000000000000e+00 2.851932051319547966e-37 0.000000000000000000e+00
0.000000000000000000e+00 2.511565846852975870e-37 0.000000000000000000e+00
0.000000000000000000e+00 1.395509868524506971e-37 0.000000000000000000e+00
0.000000000000000000e+00 1.378316774904242517e-35 0.000000000000000000e+00
0.000000000000000000e+00 4.552137138389833043e-33 0.000000000000000000e+00
0.000000000000000000e+00 1.435512878378131929e-31 0.000000000000000000e+00
0.000000000000000000e+00 1.952067702627487224e-28 0.000000000000000000e+00
0.000000000000000000e+00 7.945207973266979039e-26 0.000000000000000000e+00
0.000000000000000000e+00 4.814231554736968384e-20 0.000000000000000000e+00
3.218165720970109027e-38 7.759035672668572817e-16 2.038937470259781612e-38
1.061287833594701211e-29 8.687802051099424716e-07 1.498111596591906288e-30
1.928443282964661196e-27 5.631762178381904960e-05 9.026613130364342105e-28
8.592180083407061758e-22 1.192408055067062378e-01 6.770397078228650960e-22
1.029115110240255220e-20 3.015437126159667969e-01 2.969437519867293915e-20
1.419081730380175599e-15 2.453725934028625488e-01 4.712652878748275001e-15
6.778872439511945958e-15 2.052649706602096558e-01 5.792487664654441537e-14
5.263407168876882425e-14 3.835574388504028320e-01 1.249821969008524380e-12
7.843007385037459311e-14 3.885576725006103516e-01 3.419582542477095366e-12
1.132118097185719208e-11 4.054224789142608643e-01 3.072227194866883337e-10
7.658921240272231756e-12 3.190993070602416992e-01 1.132513874346763316e-10
4.665168533597718881e-13 7.888464629650115967e-02 9.913857061671915716e-12
6.580360713791255645e-13 2.442639134824275970e-02 9.715154028477890336e-12
2.921277802991895101e-12 1.182155311107635498e-01 1.326767428561081985e-11
5.250825815816817510e-13 4.052553325891494751e-02 9.226601687534197183e-13
2.946124586151489810e-14 5.081365350633859634e-03 3.413668477124202905e-14
5.506371031203547914e-15 2.370811067521572113e-03 4.464931740576650460e-15
4.904755199860111813e-17 2.808390854625031352e-05 5.864761497326699481e-17
1.322072350567785965e-17 1.835855300669209100e-06 8.748171168493439856e-18
2.137714703474372712e-18 1.530314763797946398e-09 1.129275967846554896e-18
8.352145008548723870e-19 1.595575199742071959e-10 4.164973808405431686e-19
2.620250720602334544e-19 7.954813023569595742e-13 8.237911107461209326e-20
7.433824602128837915e-19 4.165074047376288169e-13 2.236232121224591446e-19
7.122447763374582878e-18 1.570982384978270030e-13 2.927934818306999728e-18
2.920785661708826420e-17 2.970422302225883548e-13 2.262007441343019437e-17
1.662115070584339622e-15 2.546224949634412482e-12 7.071423855208188412e-16
8.668854513621624541e-15 7.778596343432919724e-12 4.712617303364490320e-15
2.398905184740340868e-13 1.177264397078658931e-10 1.143277096257722114e-13
3.872284708595491454e-13 4.191059166380739498e-10 3.313290668303242592e-13
8.872379393676244064e-12 3.328613606967678606e-09 7.241755806131067175e-12
1.999280255238211623e-11 1.079872458120689771e-08 2.831935554115094789e-11
4.519502827537991152e-11 1.503988933393429761e-08 3.833757963866979424e-11
4.101904926834265552e-11 1.822789919003753312e-08 3.665929712570736854e-11
1.056281659361779646e-10 9.492742591987735068e-09 7.527553580466417316e-11
3.067326670436187896e-10 5.441471984113377403e-08 2.511911234570618490e-10
5.906422018142620800e-09 1.696673166406981181e-07 1.319558462498093832e-09
3.454892905097040057e-08 2.958646803108422318e-07 4.282771914887462117e-09
6.527738150907680392e-06 4.549887307803146541e-06 2.720039731229917379e-07
7.475192978745326400e-05 2.825222873070742935e-05 1.310469087911769748e-06
1.721479693984373707e-19 4.761866012614746069e-09 4.367924577608302467e-17
6.490639611986650901e-23 1.299775998636620855e-11 8.701234355597766838e-20
3.228954440931363627e-28 4.807372715269346461e-18 1.894866613534940722e-23
1.119103001680007718e-27 5.717529965737160979e-17 5.695935850698938627e-24
5.066151195546778649e-30 6.915678583707560124e-17 4.787985582745595211e-28
1.464173494819259343e-29 1.660002493486090429e-18 4.630523957904925291e-28
8.960604770415386177e-28 1.061366106841873501e-19 6.839011899258073484e-27
7.446800599708169709e-25 5.363993716394548249e-18 4.067502412787621730e-25
3.328803086762447999e-17 1.320165656480687399e-12 2.894419734633035567e-18
3.898472189056527426e-14 8.216789026960213960e-09 3.376831945984355363e-15
1.717569908521454636e-08 2.079330682754516602e-01 1.166142182817964112e-09
6.686985898340935819e-08 2.579795122146606445e-01 4.891240479309999500e-08
9.077562950551509857e-03 2.179515957832336426e-01 1.134503632783889771e-02
2.010999061167240143e-02 1.638525128364562988e-01 3.129858523607254028e-02
1.102010533213615417e-01 3.094491660594940186e-01 1.746237277984619141e-01
7.829904556274414062e-02 3.890169858932495117e-01 1.074546501040458679e-01
1.294293254613876343e-02 3.926155567169189453e-01 1.385324168950319290e-02
7.351618260145187378e-03 4.848042130470275879e-01 1.045498345047235489e-02
2.712925663217902184e-03 4.421210289001464844e-01 5.040794145315885544e-03
1.694572903215885162e-02 4.659006893634796143e-01 1.834702864289283752e-02
7.773305475711822510e-02 4.082935452461242676e-01 8.287086337804794312e-02
8.980898559093475342e-02 5.108954906463623047e-01 9.445345401763916016e-02
1.178891398012638092e-05 4.239892065525054932e-01 2.943173240055330098e-05
4.608367021319281776e-08 3.916998505592346191e-01 9.825118496564755333e-08
4.448995338801609023e-10 4.501675665378570557e-01 6.956835107985170907e-10
4.732594090922637164e-12 5.513502955436706543e-01 1.492592854868135532e-11
4.831374287184858618e-14 5.687109231948852539e-01 2.512842093693040679e-13
1.627145792236495137e-12 5.483806133270263672e-01 4.550266847341832843e-12
6.974634064738083339e-11 4.963938295841217041e-01 3.432610029552307651e-10
5.884587750415448681e-08 3.691925704479217529e-01 1.989460258755570976e-07
1.354376673698425293e-01 4.267428517341613770e-01 8.719964325428009033e-02
2.990561425685882568e-01 5.149266123771667480e-01 4.191716909408569336e-01
5.023120343685150146e-02 3.076578974723815918e-01 7.409708201885223389e-02
3.247136482968926430e-03 2.413264513015747070e-01 6.070106755942106247e-03
1.951271146535873413e-01 2.459256947040557861e-01 2.394209802150726318e-01
3.910950422286987305e-01 2.557103931903839111e-01 4.009403288364410400e-01
1.021593883633613586e-01 9.550563246011734009e-02 1.371168941259384155e-01
1.284252405166625977e-01 5.093839019536972046e-02 1.270936578512191772e-01
3.098698556423187256e-01 5.086646601557731628e-02 2.955933511257171631e-01
1.621147692203521729e-01 8.695560693740844727e-02 2.216876447200775146e-01
3.558944761753082275e-01 1.605449020862579346e-01 4.334815442562103271e-01
3.736235499382019043e-01 6.872309744358062744e-02 3.550152480602264404e-01
3.312071859836578369e-01 1.483687907457351685e-01 4.076870977878570557e-01
3.861912190914154053e-01 1.641508787870407104e-01 4.566742777824401855e-01
4.444317221641540527e-01 1.434420049190521240e-01 4.241106212139129639e-01
4.279237389564514160e-01 2.026481330394744873e-01 5.200845599174499512e-01
5.200532078742980957e-01 1.780343204736709595e-01 6.231571435928344727e-01
5.326953530311584473e-01 1.978672295808792114e-01 5.365055799484252930e-01
6.334347128868103027e-01 1.226329505443572998e-01 6.520861983299255371e-01
6.048316359519958496e-01 1.748314648866653442e-01 6.789887547492980957e-01
3.552698791027069092e-01 2.004277333617210388e-02 4.711134135723114014e-01
3.214439749717712402e-01 1.348174642771482468e-03 4.030601084232330322e-01
4.574129581451416016e-01 3.699356057040859014e-07 5.269599556922912598e-01
5.338574647903442383e-01 1.521987336161600979e-08 6.073356866836547852e-01
3.870381712913513184e-01 5.087283372340323240e-10 4.884065985679626465e-01
3.262762725353240967e-01 6.636317884112230558e-11 3.825284540653228760e-01
5.382933020591735840e-01 1.909138992728376394e-11 5.736023187637329102e-01
5.658123493194580078e-01 2.815326270722007251e-11 6.258348226547241211e-01
4.841479659080505371e-01 3.633755518706038856e-10 5.889796018600463867e-01
5.152953863143920898e-01 6.455556644802129540e-10 6.394061446189880371e-01
2.870290279388427734e-01 1.135759264414559766e-09 3.606910109519958496e-01
2.710973024368286133e-01 7.725567963134949423e-10 3.187682330608367920e-01
2.209914028644561768e-01 3.134555115469339626e-10 3.122680187225341797e-01
2.624977231025695801e-01 4.360356797850073463e-10 3.001173734664916992e-01
1.614592075347900391e-01 7.543640712093235834e-10 1.980951875448226929e-01
1.498451381921768188e-01 4.430864286586455592e-10 2.309090495109558105e-01
1.875682473182678223e-01 1.450143893855226906e-10 2.628827095031738281e-01
3.064517974853515625e-01 2.004457884396959599e-11 3.678707480430603027e-01
2.279276251792907715e-01 3.668986642280103183e-11 2.988681495189666748e-01
1.296096444129943848e-01 3.442211576540343820e-12 1.955536901950836182e-01
1.147359362221322954e-04 5.816692071579365741e-13 3.762094129342585802e-04
3.763098277431708993e-08 2.705299354961699342e-15 1.686132122813432943e-07
8.141269878028916523e-16 9.608828607617101114e-18 1.040808742360302408e-13
5.112987220006101040e-20 1.695424150923806892e-19 2.016259095845109365e-16
4.396629580126331642e-31 3.798308460653995930e-24 1.458546128299956542e-25
2.249157485701637448e-35 3.914839338699889828e-27 1.673938261198071809e-29
0.000000000000000000e+00 3.714070645022990956e-33 6.807038224444719652e-38
0.000000000000000000e+00 9.719297811370057324e-36 0.000000000000000000e+00
0.000000000000000000e+00 0.000000000000000000e+00 0.000000000000000000e+00
0.000000000000000000e+00 0.000000000000000000e+00 0.000000000000000000e+00
0.000000000000000000e+00 0.000000000000000000e+00 0.000000000000000000e+00
0.000000000000000000e+00 0.000000000000000000e+00 0.000000000000000000e+00
0.000000000000000000e+00 0.000000000000000000e+00 0.000000000000000000e+00
0.000000000000000000e+00 0.000000000000000000e+00 0.000000000000000000e+00
0.000000000000000000e+00 0.000000000000000000e+00 0.000000000000000000e+00
0.000000000000000000e+00 4.661338066265573147e-38 0.000000000000000000e+00
0.000000000000000000e+00 1.507406545419609937e-34 0.000000000000000000e+00
0.000000000000000000e+00 1.558163136096883832e-31 0.000000000000000000e+00
0.000000000000000000e+00 2.881673388031621180e-25 0.000000000000000000e+00
0.000000000000000000e+00 1.720270879379052561e-20 0.000000000000000000e+00
5.323618625435996731e-38 4.223986160845072391e-10 0.000000000000000000e+00
3.202947173474110473e-35 2.047589902076651924e-07 7.432568845767595455e-36
3.767103563781878231e-28 3.980804607272148132e-02 1.689992452102619234e-28
8.275710956196241647e-27 2.202678173780441284e-01 2.245438794747562812e-26
1.450758956820510440e-20 1.978577673435211182e-01 7.608133916919693920e-20
8.948309973393088419e-20 1.473142057657241821e-01 1.720790962726846742e-18
1.687804240669150828e-18 3.997676968574523926e-01 1.513048997979946314e-16
2.421886192267218083e-18 4.395702779293060303e-01 5.955121780999706165e-16
9.058541973643095650e-16 5.032315850257873535e-01 1.776408339003443526e-13
4.890390248993617926e-16 3.792510628700256348e-01 5.182270221672571897e-14
1.563473431812811349e-17 7.882979512214660645e-02 3.041324948434005575e-15
2.405846870676600483e-17 1.647500507533550262e-02 3.223707870878564710e-15
1.871719011445471402e-16 1.080445349216461182e-01 7.108696904777403458e-15
3.003150020534201513e-17 2.775810658931732178e-02 4.083425136517998197e-16
1.097441715177298488e-18 1.993394456803798676e-03 8.229188126010319657e-18
1.910365999119945442e-19 6.327574374154210091e-04 9.259452539088231954e-19
1.223456368593026568e-21 2.109033403030480258e-06 7.218885985106967150e-21
2.925796240172368692e-22 7.297928306115863961e-08 7.510230467516794135e-22
3.965287910639575853e-23 1.228663525087991815e-11 6.012806997943834569e-23
1.418107165867587055e-23 8.372298622612295294e-13 1.688044481353725244e-23
5.615206586671788552e-24 1.090066710974937989e-15 2.948088179287857079e-24
2.373288664446138193e-23 5.511433217733694833e-16 1.192923033939904174e-23
5.263967593908453817e-22 1.869485359093782210e-16 3.854699772256049244e-22
2.987136600036514479e-21 4.555285486214095524e-16 4.729765832099577261e-21
6.112308447804932606e-19 8.555807802415171109e-15 4.324894445687898486e-19
5.142567806171759653e-18 4.343530743411427864e-14 5.344691870390929625e-18
5.464956519917851373e-16 3.099297945022283507e-12 5.050133780703082529e-16
1.286830135281507009e-15 2.231639352479053429e-11 2.129302551268671788e-15
9.591288809181197639e-14 1.068806709803027388e-09 1.543058351450091181e-13
2.703940316008818234e-13 6.112164552263266160e-09 8.044485216851526843e-13
7.319280273011818938e-13 1.862797738283461513e-08 1.116533840210542916e-12
6.913292095907241919e-13 2.987937008924745896e-08 9.942124163872523290e-13
2.128319439090309295e-12 1.428575391315689558e-08 2.400306949729147377e-12
6.996802442982286152e-12 1.038630372818261094e-07 8.548968824517721998e-12
1.943140370830320762e-10 2.358407158453701413e-07 4.851068505229427785e-11
1.680850125751476298e-09 3.576461722332169302e-07 1.964965690159914402e-10
8.666220878694730345e-07 4.353706572146620601e-06 2.574392432563854527e-08
1.647391763981431723e-05 2.697743002499919385e-05 1.507511910858738702e-07
4.645333875233284495e-20 2.613063543321914040e-08 4.361880203436254984e-17
1.820052307461228316e-23 1.030754648301268617e-10 9.605667175014711727e-20
8.786147776780471095e-29 6.029362498290871480e-17 2.459737406694412170e-23
3.294976523131173314e-28 8.025699114518763683e-16 7.709085609426256735e-24
1.419108690143197792e-30 1.408065113989067762e-15 6.935136507229898716e-28
4.530264573944760641e-30 2.953828218457869663e-17 6.449159382125376041e-28
4.336868752599453698e-28 1.721244050907372663e-18 1.048604990881894041e-26
3.971066139276616089e-25 5.215829042355988676e-17 5.532156296646251956e-25
2.173634111675814130e-17 6.305887235991125550e-12 3.253340019864694699e-18
2.587696495883612391e-14 2.518203068291313684e-08 3.147409684088739099e-15
9.317787430518364999e-09 2.252227365970611572e-01 8.716976029887746336e-10
3.823189942409044306e-08 2.696458995342254639e-01 3.999926434516964946e-08
1.406211871653795242e-02 2.209926992654800415e-01 1.889751851558685303e-02
3.672848269343376160e-02 1.816461384296417236e-01 5.701578408479690552e-02
1.469838023185729980e-01 3.236483037471771240e-01 2.246359884738922119e-01
1.106909438967704773e-01 4.074712097644805908e-01 1.462983638048171997e-01
1.941597089171409607e-02 4.294143617153167725e-01 2.109161391854286194e-02
1.089729368686676025e-02 5.215074419975280762e-01 1.449449546635150909e-02
3.503102110698819160e-03 4.504671692848205566e-01 6.141164805740118027e-03
2.332652732729911804e-02 4.934212863445281982e-01 2.738494984805583954e-02
1.196744740009307861e-01 4.308613240718841553e-01 1.226811334490776062e-01
1.803550869226455688e-01 5.178710818290710449e-01 1.611535549163818359e-01
2.301160020579118282e-05 4.619157910346984863e-01 5.266367224976420403e-05
5.740404063203641272e-08 4.350116848945617676e-01 1.019818753889012442e-07
2.846770597031422767e-10 4.870590865612030029e-01 3.600076070586766264e-10
1.403134227730140626e-12 5.893100500106811523e-01 3.824736100749293044e-12
5.055359868108523155e-15 5.902426838874816895e-01 2.641543735593283870e-14
1.698886528418014352e-13 5.605598688125610352e-01 5.364877379149257663e-13
7.227735770998222620e-12 5.446787476539611816e-01 4.084323504405240612e-11
1.228126578212140885e-08 4.039236009120941162e-01 5.132903169169367175e-08
9.957230091094970703e-02 4.348378777503967285e-01 7.260443270206451416e-02
2.910870313644409180e-01 5.353309512138366699e-01 4.001730978488922119e-01
2.063103951513767242e-02 2.924973964691162109e-01 3.047046624124050140e-02
7.663106662221252918e-04 2.344037294387817383e-01 1.654283143579959869e-03
1.438394337892532349e-01 2.656147480010986328e-01 1.851774305105209351e-01
3.533780276775360107e-01 2.452979236841201782e-01 3.909272551536560059e-01
5.055973306298255920e-02 5.333621427416801453e-02 7.374652475118637085e-02
7.395377755165100098e-02 1.949697546660900116e-02 7.685415446758270264e-02
2.249273806810379028e-01 1.583875343203544617e-02 2.395975142717361450e-01
9.295875579118728638e-02 4.521628469228744507e-02 1.416071653366088867e-01
3.598816990852355957e-01 1.692783087491989136e-01 4.932934939861297607e-01
3.740240931510925293e-01 6.208681315183639526e-02 3.918442130088806152e-01
3.067329823970794678e-01 1.869963854551315308e-01 4.212976396083831787e-01
3.653628528118133545e-01 1.919080168008804321e-01 4.746857285499572754e-01
4.472533166408538818e-01 1.560992598533630371e-01 4.235298335552215576e-01
4.349785447120666504e-01 2.364604324102401733e-01 5.312938690185546875e-01
5.135126709938049316e-01 1.644819527864456177e-01 6.303544044494628906e-01
5.253295302391052246e-01 1.969154477119445801e-01 5.462830066680908203e-01
6.228588223457336426e-01 1.237159147858619690e-01 6.500844359397888184e-01
6.008859276771545410e-01 1.850494742393493652e-01 6.821172237396240234e-01
3.471650779247283936e-01 2.050990052521228790e-02 4.607191383838653564e-01
3.245032429695129395e-01 1.283476478420197964e-03 4.002914130687713623e-01
4.688945412635803223e-01 2.336004882863562671e-07 5.353258252143859863e-01
5.495155453681945801e-01 9.180014970411320974e-09 6.218720078468322754e-01
4.136530756950378418e-01 3.281904192853346558e-10 5.147460699081420898e-01
3.418364524841308594e-01 4.330095657034682688e-11 4.013461470603942871e-01
5.403625965118408203e-01 1.394251120806488942e-11 5.862924456596374512e-01
5.708817839622497559e-01 2.209227072114128276e-11 6.294792294502258301e-01
4.750927388668060303e-01 4.494909722208006997e-10 5.722924470901489258e-01
5.185296535491943359e-01 8.716842803124791317e-10 6.287679076194763184e-01
2.904091775417327881e-01 1.744001387748994603e-09 3.546129763126373291e-01
2.785328328609466553e-01 1.401809557322053479e-09 3.210915625095367432e-01
2.411779463291168213e-01 7.670258872494173374e-10 3.302296698093414307e-01
2.836894094944000244e-01 1.333820165427823667e-09 3.228612840175628662e-01
1.920521557331085205e-01 3.702261830440534141e-09 2.225718349218368530e-01
1.741384118795394897e-01 3.151341854135125686e-09 2.367978692054748535e-01
2.058043479919433594e-01 1.689644535396439551e-09 2.610126733779907227e-01
3.217741847038269043e-01 3.183182328836409170e-10 3.877226412296295166e-01
2.337407618761062622e-01 6.695914933629865118e-10 3.107877969741821289e-01
1.735166907310485840e-01 5.203364822348177654e-11 2.456786483526229858e-01
7.855065632611513138e-04 5.198481402290955344e-12 2.270677126944065094e-03
7.756121362945123110e-07 2.224644791569852648e-14 2.496299430276849307e-06
8.721831172868108051e-14 8.658632837651514865e-17 4.760051294100398067e-12
9.883787579132790279e-18 1.230741870890218897e-18 1.152680805216162521e-14
4.169310440025333695e-28 2.215889930154467459e-23 2.595484433492662837e-23
2.455441807227498809e-32 1.571682402285216341e-26 3.096148667535236320e-27
0.000000000000000000e+00 5.823159874341616905e-33 2.171542285644822935e-35
0.000000000000000000e+00 1.135928390485763090e-35 7.083061511792336279e-38
0.000000000000000000e+00 0.000000000000000000e+00 0.000000000000000000e+00
0.000000000000000000e+00 0.000000000000000000e+00 0.000000000000000000e+00
0.000000000000000000e+00 0.000000000000000000e+00 0.000000000000000000e+00
0.000000000000000000e+00 0.000000000000000000e+00 0.000000000000000000e+00
0.000000000000000000e+00 0.000000000000000000e+00 0.000000000000000000e+00
0.000000000000000000e+00 0.000000000000000000e+00 0.000000000000000000e+00
0.000000000000000000e+00 0.000000000000000000e+00 0.000000000000000000e+00
0.000000000000000000e+00 0.000000000000000000e+00 0.000000000000000000e+00
0.000000000000000000e+00 1.353730771381986853e-37 0.000000000000000000e+00
0.000000000000000000e+00 1.830947360570280480e-34 0.000000000000000000e+00
0.000000000000000000e+00 9.153804432786591741e-28 0.000000000000000000e+00
0.000000000000000000e+00 1.134134721145682502e-22 0.000000000000000000e+00
1.212936715755232302e-34 1.900158676237939659e-11 8.670906657089684590e-37
7.813088947443799864e-32 2.114025576815947716e-08 2.326956086983997980e-33
8.812481529207442977e-25 1.677505858242511749e-02 6.817604648665824930e-26
1.847536694715671500e-23 1.539952158927917480e-01 9.737319571952758419e-24
2.449090384175770175e-17 1.958404481410980225e-01 2.810585351782061861e-17
1.250978459937343882e-16 1.324564516544342041e-01 5.400895947512600673e-16
1.148260733187505406e-15 3.749031126499176025e-01 2.768646958559422416e-14
1.301388302304203482e-15 3.964535295963287354e-01 8.426989845950610958e-14
2.279418515917230881e-13 4.602091610431671143e-01 1.344344080500547989e-11
9.615282880884659655e-14 3.456052839756011963e-01 3.185875825303940978e-12
1.666731082509520338e-15 7.044541835784912109e-02 1.102614229303924831e-13
2.249609605382515455e-15 1.424396876245737076e-02 1.014637253881310597e-13
9.842715970606943920e-15 9.521209448575973511e-02 1.423949798134635514e-13
1.208155174041685830e-15 2.274958603084087372e-02 6.438705701960513450e-15
2.388600154904869856e-17 1.466990681365132332e-03 8.089319494489238165e-17
3.283838169049524830e-18 3.968883829656988382e-04 7.984769489890700827e-18
1.068058918882093814e-20 1.041180667016305961e-06 3.613238329848424147e-20
2.045670565322272424e-21 2.968436163541809947e-08 2.848410979610555832e-21
1.630334162763706190e-22 3.956395974724635778e-12 1.583221117584500328e-22
4.046536166256270831e-23 2.346053852488733105e-13 3.772146046504522118e-23
5.960301678269772377e-24 2.693045170495093768e-16 2.841352735013512214e-24
2.121025146452752596e-23 1.476398808794538798e-16 9.071506768449930477e-24
3.964821220528047102e-22 5.517825735681953635e-17 2.353285423809140371e-22
2.171823080827103398e-21 1.546691955504805047e-16 2.677907366106104320e-21
2.708969977201709527e-19 4.035869318727352759e-15 1.604717722149743971e-19
2.198181399456845897e-18 2.404180709223747991e-14 2.074949686159920940e-18
2.416471443162027588e-16 2.747318865459202897e-12 2.061806836745831272e-16
6.249276206548627383e-16 2.335363499805787058e-11 9.141436853026137753e-16
4.819777050884231639e-14 1.520675030342033551e-09 6.900260392369780837e-14
1.419597404038464017e-13 9.588934979376517731e-09 3.812469003688923053e-13
3.591134822237412871e-13 3.609602217125029711e-08 5.299614371477578967e-13
3.333180899258575414e-13 6.632455296085026930e-08 4.971372705858678742e-13
1.208435803680407705e-12 3.285646599238134513e-08 1.396395585967491471e-12
4.399264372928479716e-12 2.289935565613632207e-07 5.236166968763944496e-12
1.268377208818449731e-10 4.350276867626234889e-07 3.200470097275420756e-11
1.215038514246202794e-09 5.982753918942762539e-07 1.402785110293791604e-10
7.742596608295571059e-07 6.405559815902961418e-06 2.245690744473449740e-08
1.493138825026107952e-05 3.820600250037387013e-05 1.356148260356349056e-07
2.758796946232945753e-20 3.331526240799576044e-04 2.041615159470064854e-15
2.758918900342360577e-23 1.312791027885396034e-05 1.715803704698126714e-17
8.932483304332415952e-28 4.973010891973217440e-10 4.601295231785358791e-20
4.716454522384611664e-27 1.646395375587417220e-08 1.707267664773204322e-20
3.785829681557709135e-29 1.903812972159357741e-06 1.928241267396488157e-23
2.567461782946242035e-28 1.304843237903696718e-07 2.376812979426303586e-23
1.598389596380264798e-25 2.892370254414800002e-08 5.843642781904026950e-22
7.568494976669949055e-23 2.866333126405606890e-08 1.524906974565366351e-20
6.938380919578547492e-16 9.267467248719185591e-06 2.579770766244506540e-15
3.683771224258919341e-13 3.278917283751070499e-04 3.527073652673934356e-13
9.702076475548437884e-09 2.790336310863494873e-01 5.241640010922310466e-09
4.221823957095693913e-08 3.697164654731750488e-01 1.252994792366735055e-07
9.895817190408706665e-02 2.663662135601043701e-01 8.600342273712158203e-02
2.164126485586166382e-01 2.831489443778991699e-01 2.247433066368103027e-01
2.579612433910369873e-01 3.381294310092926025e-01 3.208529055118560791e-01
3.049545586109161377e-01 4.195638298988342285e-01 3.165472745895385742e-01
1.023432537913322449e-01 4.958545863628387451e-01 1.034733429551124573e-01
6.529866904020309448e-02 5.597631931304931641e-01 6.948075443506240845e-02
1.577255129814147949e-02 4.641311466693878174e-01 2.168883197009563446e-02
7.440371811389923096e-02 6.204821467399597168e-01 1.440809369087219238e-01
2.071948349475860596e-01 5.726988315582275391e-01 2.828153073787689209e-01
4.246025681495666504e-01 5.809010267257690430e-01 4.762036502361297607e-01
1.521133672213181853e-04 5.830386281013488770e-01 7.818040321581065655e-04
1.646241969410766615e-07 5.793396830558776855e-01 3.824999339485657401e-07
4.429535557792796396e-11 5.949702262878417969e-01 1.129924695475459373e-10
2.240276106985072957e-14 6.195644736289978027e-01 1.024997076689952713e-13
4.044879694569496933e-18 5.655231475830078125e-01 3.647296739352925521e-17
1.089750105941122093e-16 5.349902510643005371e-01 1.134835578610879966e-15
2.003639707829339180e-15 6.559070944786071777e-01 5.973192995995316168e-14
5.528208099625508964e-11 4.567158520221710205e-01 7.991476369539896041e-10
4.005135223269462585e-02 4.381284117698669434e-01 6.875666230916976929e-02
2.331400364637374878e-01 4.453973174095153809e-01 3.553054332733154297e-01
2.555681858211755753e-04 3.020080327987670898e-01 9.391932981088757515e-04
2.582902197900693864e-06 2.369445860385894775e-01 1.227211851073661819e-05
1.036462485790252686e-01 1.608090698719024658e-01 1.243646442890167236e-01
2.799129188060760498e-01 2.355325371026992798e-01 3.501964807510375977e-01
1.327804420725442469e-05 3.234638825233560055e-06 7.757949788356199861e-06
5.033608431403990835e-06 2.145468108727399681e-10 5.164695267012575641e-06
1.643421819608192891e-05 2.013799259226723673e-16 2.660781683516688645e-05
1.060130216501420364e-05 2.675904135318422916e-15 1.666292155277915299e-05
2.773827910423278809e-01 3.864445222157009141e-11 3.841857314109802246e-01
4.180764555931091309e-01 7.779098254445671046e-09 5.278071165084838867e-01
3.381934762001037598e-01 3.041744828224182129e-01 4.383168518543243408e-01
3.810987174510955811e-01 3.411904573440551758e-01 4.495849609375000000e-01
4.610401988029479980e-01 2.508677244186401367e-01 5.474931001663208008e-01
5.214911103248596191e-01 3.107999265193939209e-01 6.487174630165100098e-01
5.525370240211486816e-01 1.025014370679855347e-01 6.547839045524597168e-01
5.908221006393432617e-01 1.798153370618820190e-01 6.362338066101074219e-01
5.464465022087097168e-01 1.006750836968421936e-01 6.331033706665039062e-01
5.645916461944580078e-01 1.886945664882659912e-01 6.714707016944885254e-01
3.408011496067047119e-01 3.064519166946411133e-02 4.661032855510711670e-01
3.386478424072265625e-01 2.331219147890806198e-03 4.328319728374481201e-01
4.857918918132781982e-01 3.761434470561653143e-07 5.514070391654968262e-01
5.669367909431457520e-01 1.415782957536748654e-08 6.343538761138916016e-01
4.507635235786437988e-01 2.962562140051971937e-10 5.715275406837463379e-01
3.909431993961334229e-01 3.373105267323595058e-11 4.670173227787017822e-01
5.591366291046142578e-01 6.925160098147919996e-12 6.250239610671997070e-01
5.856451392173767090e-01 9.296435149463988523e-12 6.760234236717224121e-01
5.069820284843444824e-01 2.052780029293543862e-10 6.141657233238220215e-01
5.957750678062438965e-01 3.471760934292689171e-10 6.545764803886413574e-01
3.511596918106079102e-01 5.006655090511458184e-10 4.112946689128875732e-01
3.102856874465942383e-01 5.051565832303595016e-10 3.928160965442657471e-01
2.879230976104736328e-01 6.154051712670138841e-10 3.742234706878662109e-01
3.237320482730865479e-01 1.760598888900233305e-09 3.621976077556610107e-01
2.082047015428543091e-01 9.751406793157002539e-09 2.530563175678253174e-01
1.763201355934143066e-01 1.857040210495597421e-08 2.278772145509719849e-01
2.193381786346435547e-01 3.730809794433298521e-08 2.623696327209472656e-01
3.298693299293518066e-01 1.329434340391344449e-08 4.021280109882354736e-01
1.968787610530853271e-01 2.804648779886065313e-08 2.380238026380538940e-01
2.073900848627090454e-01 1.463130283596569825e-09 2.546689212322235107e-01
4.341363161802291870e-02 9.676711515416158704e-11 9.405575692653656006e-02
9.943661279976367950e-04 3.539001231823990512e-13 1.184539403766393661e-03
1.021580153803824942e-08 7.737784145417554455e-16 5.636744759840439656e-08
5.704549246171586319e-12 6.898548583120260729e-18 3.251492131095545801e-10
7.401445715649700694e-21 3.879184373923426591e-23 5.827937815279615093e-18
3.021131916642084870e-25 8.513788252945569704e-27 6.559966349168156278e-22
4.713200619274618138e-34 3.465261607719358868e-34 9.104726230847670240e-30
2.235052665562231287e-36 2.293690840580981852e-37 2.998593812641115883e-32
0.000000000000000000e+00 0.000000000000000000e+00 0.000000000000000000e+00
0.000000000000000000e+00 0.000000000000000000e+00 0.000000000000000000e+00
0.000000000000000000e+00 0.000000000000000000e+00 0.000000000000000000e+00
0.000000000000000000e+00 0.000000000000000000e+00 0.000000000000000000e+00
0.000000000000000000e+00 0.000000000000000000e+00 0.000000000000000000e+00
0.000000000000000000e+00 0.000000000000000000e+00 0.000000000000000000e+00
0.000000000000000000e+00 0.000000000000000000e+00 0.000000000000000000e+00
0.000000000000000000e+00 0.000000000000000000e+00 0.000000000000000000e+00
0.000000000000000000e+00 0.000000000000000000e+00 0.000000000000000000e+00
0.000000000000000000e+00 0.000000000000000000e+00 0.000000000000000000e+00
0.000000000000000000e+00 4.196999723855280597e-34 0.000000000000000000e+00
0.000000000000000000e+00 1.278669547579271362e-28 0.000000000000000000e+00
9.183419276985501981e-30 1.199494262156010609e-15 1.305473352967515737e-33
6.092171318749691268e-27 1.139151273310545776e-11 4.287205067957438477e-30
7.701107079066093560e-20 7.420147885568439960e-04 2.266060884192235842e-22
1.433262464815531476e-18 3.495557978749275208e-02 2.168686297237615810e-20
5.708921833533220358e-13 1.534416377544403076e-01 2.866592596975636731e-14
1.499265772295088617e-12 8.857382833957672119e-02 4.323794198114044862e-13
6.848814484289311721e-12 2.964914143085479736e-01 1.719658790366729306e-11
7.290567455298102573e-12 3.290027081966400146e-01 4.415052698436561229e-11
3.775474655132171620e-10 3.780213296413421631e-01 4.384335117180171437e-09
1.267417143457905127e-10 3.359390497207641602e-01 9.493046349007272511e-10
1.695889630982938545e-12 7.631970196962356567e-02 1.987065546826816131e-11
1.884608354790762164e-12 1.490849349647760391e-02 1.794927921572320173e-11
3.534051957326811433e-12 1.154098808765411377e-01 1.281397991187427365e-11
3.160767817183413042e-13 2.367088943719863892e-02 5.133085796693581671e-13
2.733254830352880270e-15 1.795925898477435112e-03 3.606774709626059394e-15
2.460807000505889786e-16 5.021772813051939011e-04 3.182225755775765436e-16
2.858602555615548046e-19 4.072858246217947453e-06 7.604772849446343688e-19
3.949623927522757213e-20 1.388887085340684280e-07 4.073553031624246799e-20
1.053840823141236662e-21 2.262139434106025249e-11 9.685760916919397650e-22
1.501275382709845140e-22 1.359549300396223348e-12 1.282610839065015625e-22
4.823136989718790281e-24 1.101053787092010332e-15 2.565205861468881568e-24
1.377946730499328476e-23 7.436898984311513753e-16 5.687945873020407609e-24
1.713314125839542333e-22 2.251840796044701689e-16 8.387376772500051685e-23
1.046757281352684416e-21 6.175197351959726445e-16 8.318332510631487848e-22
8.265454929389518033e-20 1.367727901557336603e-14 2.641455398669903375e-20
7.489984478854477192e-19 8.668826561534365149e-14 3.692102828048480852e-19
1.542973745564154685e-16 1.570978069853623538e-11 5.885312634209456943e-17
5.680098123960115354e-16 1.823236561726560012e-10 3.540913503993623661e-16
6.306650893791315715e-14 2.472300764111423632e-08 4.153996279441553308e-14
1.723048380407668501e-13 1.356744547820198932e-07 2.282285417511825676e-13
2.994285049941203258e-13 4.622029905476665590e-07 2.674983173335532260e-13
2.147466774717055049e-13 8.082352564997563604e-07 2.324101197950789732e-13
6.352929792473316351e-13 2.559470146934472723e-07 6.333221165381874851e-13
2.386684166272301511e-12 1.655557866797607858e-06 2.155692074498616329e-12
6.671943553193671050e-11 2.269274773425422609e-06 1.262398258844443788e-11
7.027491366606852807e-10 2.336045554329757579e-06 6.214512932034566006e-11
5.017912485527631361e-07 1.710002106847241521e-05 1.125907100885115142e-08
1.031688861985458061e-05 8.402327512158080935e-05 6.750162384605573607e-08
1.118668410466328007e-18 5.702819302678108215e-02 8.909427015590942744e-13
3.498864131174202366e-21 1.199796423316001892e-02 3.011104210480335108e-14
5.651219073071259268e-25 1.002575208985945210e-05 5.354799355731837580e-16
3.332603241965413779e-24 2.080317935906350613e-04 3.165783258082783365e-16
8.403409201898452892e-26 1.343634724617004395e-01 3.921164494204534731e-18
1.010224938772116675e-24 5.710907652974128723e-02 5.385789098354707975e-18
7.997801033009148307e-22 7.589153200387954712e-02 8.160014981849450207e-17
1.057615424375313722e-19 2.173661440610885620e-02 6.379926803497866939e-16
2.733532699511227043e-14 1.527961194515228271e-01 1.664443105911517229e-12
6.276488009882008612e-12 1.766745150089263916e-01 4.126844352358993717e-11
2.379017161047158879e-08 2.843545675277709961e-01 6.106364480729098432e-08
8.487360503295349190e-08 3.960959911346435547e-01 7.903607865955564193e-07
9.687358140945434570e-02 3.053508698940277100e-01 1.019388362765312195e-01
2.695688903331756592e-01 2.922848463058471680e-01 2.702666521072387695e-01
2.421878427267074585e-01 4.041976332664489746e-01 3.499258160591125488e-01
2.786765694618225098e-01 4.394901394844055176e-01 3.170537352561950684e-01
1.649956256151199341e-01 5.255533456802368164e-01 1.280034780502319336e-01
1.127393320202827454e-01 5.421088933944702148e-01 8.497375994920730591e-02
2.340761199593544006e-02 5.037057399749755859e-01 2.294332161545753479e-02
9.312278032302856445e-02 6.547566056251525879e-01 1.306273490190505981e-01
2.150450944900512695e-01 5.613564252853393555e-01 2.123359292745590210e-01
4.023660421371459961e-01 5.415777564048767090e-01 3.666512668132781982e-01
1.155463323812000453e-04 5.350797176361083984e-01 4.351708921603858471e-04
9.234423714588047005e-08 5.468178987503051758e-01 1.628385319918379537e-07
1.272440052629830731e-11 6.034913063049316406e-01 3.124841357893259897e-11
5.929215807703525423e-15 6.373172402381896973e-01 1.917248064681794512e-14
8.181044766793661478e-19 5.542793273925781250e-01 4.735062240481185887e-18
2.322895213616312741e-17 5.197057723999023438e-01 2.118024678152895203e-16
5.607373463295637229e-16 6.678560972213745117e-01 1.373489673774444531e-14
2.290656726799955578e-11 4.538369476795196533e-01 2.910863217131520742e-10
3.311667591333389282e-02 4.346055686473846436e-01 6.092720851302146912e-02
2.165494859218597412e-01 4.285736382007598877e-01 3.048964142799377441e-01
9.465675248065963387e-05 3.170831203460693359e-01 3.620624192990362644e-04
7.481951342924730852e-07 2.757673263549804688e-01 3.695332679853891023e-06
9.933774918317794800e-02 1.666325032711029053e-01 1.338816583156585693e-01
2.937704324722290039e-01 2.494115382432937622e-01 4.262909591197967529e-01
2.768811782516422682e-06 2.331402271238403046e-07 1.624834567337529734e-06
8.610069812675646972e-07 2.671975921769709217e-12 1.016346232063369825e-06
2.592882765384274535e-06 1.088008108032043341e-19 4.567925770970759913e-06
1.630102474337036256e-06 1.181662039822574122e-18 3.194981900378479622e-06
3.221427798271179199e-01 5.469601754479712363e-14 4.412889480590820312e-01
4.804936945438385010e-01 4.842304682228792956e-11 5.948973298072814941e-01
3.499648272991180420e-01 2.255872488021850586e-01 4.618698656558990479e-01
3.698456287384033203e-01 3.246193230152130127e-01 4.527457058429718018e-01
4.111457169055938721e-01 2.219645828008651733e-01 5.015733838081359863e-01
4.876320958137512207e-01 2.898862659931182861e-01 5.619366765022277832e-01
5.068973898887634277e-01 1.064645797014236450e-01 5.678257346153259277e-01
5.729242563247680664e-01 1.969035565853118896e-01 5.847315192222595215e-01
5.343192219734191895e-01 1.154003441333770752e-01 5.861513614654541016e-01
5.773140192031860352e-01 2.249636352062225342e-01 6.417123675346374512e-01
3.505238592624664307e-01 4.039682447910308838e-02 4.382709562778472900e-01
3.426614999771118164e-01 3.194760065525770187e-03 4.197486639022827148e-01
4.696844816207885742e-01 6.186905920912977308e-07 5.120216012001037598e-01
5.391929745674133301e-01 2.281881705812338623e-08 5.805510282516479492e-01
4.658752679824829102e-01 4.155819299800356248e-10 5.607096552848815918e-01
4.315950870513916016e-01 5.666045757579674103e-11 5.078487992286682129e-01
5.744136571884155273e-01 1.274050136224058605e-11 6.490237712860107422e-01
5.945426821708679199e-01 1.747839199761624940e-11 6.869738698005676270e-01
5.648763179779052734e-01 2.987409764010351410e-10 6.526757478713989258e-01
6.453531384468078613e-01 4.321451252398134102e-10 6.798093914985656738e-01
3.665114343166351318e-01 4.935967190533574467e-10 4.394980669021606445e-01
3.236808478832244873e-01 4.185411461854471327e-10 4.046425819396972656e-01
3.013263642787933350e-01 4.161387623380363721e-10 3.851545751094818115e-01
3.358144462108612061e-01 1.120950332555992190e-09 3.721273541450500488e-01
2.246830761432647705e-01 6.233084715034920009e-09 2.790910303592681885e-01
1.964137405157089233e-01 1.155920781314989654e-08 2.549858689308166504e-01
2.331333458423614502e-01 2.288830280861020583e-08 2.666347324848175049e-01
3.350788950920104980e-01 6.856537559940534265e-09 3.865283429622650146e-01
1.675057560205459595e-01 1.180992192928442819e-08 2.024798244237899780e-01
1.682491749525070190e-01 5.536061609134890205e-10 2.067102193832397461e-01
5.488249287009239197e-02 3.318841035326869360e-11 1.090118810534477234e-01
2.220453228801488876e-03 1.264372992155343711e-13 2.056934870779514313e-03
4.822136290272283077e-08 2.081055660472185247e-16 1.446420867523556808e-07
3.523466587940227157e-11 1.743088753511555863e-18 8.518653560329880747e-10
1.050069727731240150e-19 6.431851567405137004e-24 2.230594099528460637e-17
5.550930988975285731e-24 1.422042633764884078e-27 3.225912502438567789e-21
2.764964604288773947e-32 5.553610433079175608e-35 1.016950594094115011e-28
2.641728862221236233e-34 3.476243699923889182e-38 4.717794855273814733e-31
0.000000000000000000e+00 0.000000000000000000e+00 0.000000000000000000e+00
0.000000000000000000e+00 0.000000000000000000e+00 0.000000000000000000e+00
0.000000000000000000e+00 0.000000000000000000e+00 0.000000000000000000e+00
0.000000000000000000e+00 0.000000000000000000e+00 0.000000000000000000e+00
0.000000000000000000e+00 0.000000000000000000e+00 0.000000000000000000e+00
0.000000000000000000e+00 0.000000000000000000e+00 0.000000000000000000e+00
0.000000000000000000e+00 0.000000000000000000e+00 0.000000000000000000e+00
0.000000000000000000e+00 0.000000000000000000e+00 0.000000000000000000e+00
0.000000000000000000e+00 0.000000000000000000e+00 0.000000000000000000e+00
0.000000000000000000e+00 0.000000000000000000e+00 0.000000000000000000e+00
0.000000000000000000e+00 1.918617571704248352e-35 0.000000000000000000e+00
9.655136995789137794e-38 4.328253706846345020e-30 0.000000000000000000e+00
8.822425074695435166e-28 4.800649556686637962e-17 3.314914640469990163e-32
3.346729817929465625e-25 8.715267006340066125e-13 6.722453656058785777e-29
1.607530808316671964e-18 2.070439804811030626e-04 1.493524881114033875e-21
2.159756833411257006e-17 1.659524813294410706e-02 9.968444034756034497e-20
2.556063867509283938e-12 1.315470635890960693e-01 5.075816814927545939e-14
5.170131683884804374e-12 7.051447033882141113e-02 6.380762888544277978e-13
1.205156460737377699e-11 2.536627948284149170e-01 1.796969517631197277e-11
9.840159936880255032e-12 2.898248732089996338e-01 3.802421572052239185e-11
2.270587190489337104e-10 3.279807567596435547e-01 2.130633447450236417e-09
6.545217839937222948e-11 3.013822734355926514e-01 4.276134446534740619e-10
5.879064596259198083e-13 7.199686765670776367e-02 7.281200815889565803e-12
5.937448883247542497e-13 1.441369950771331787e-02 6.369859067295591259e-12
7.500487318908011236e-13 1.210106611251831055e-01 3.201011938153142111e-12
6.240039545192879733e-14 2.630087733268737793e-02 1.394380216759166791e-13
4.735897792161537952e-16 2.347399946302175522e-03 9.967627495822061964e-16
4.854811688835385108e-17 7.397079025395214558e-04 1.000045280185502428e-16
7.061112269254987591e-20 1.239498396898852661e-05 3.353871002021020641e-19
1.160588360022169842e-20 6.165900572341342922e-07 2.214718413650051632e-20
3.375133178834684711e-22 1.740680516393311450e-10 5.215557030312340436e-22
4.944038048711234117e-23 1.209730232654138149e-11 7.198198619049412699e-23
1.813087138984669914e-24 8.586246778407701646e-15 1.557122877269666245e-24
5.506998141872169752e-24 5.399704172155813872e-15 3.319179984802173042e-24
7.828548338330211099e-23 1.306197649499594993e-15 5.402835133566705345e-23
5.283159254446160263e-22 3.409931240705974843e-15 5.453256850709025383e-22
5.670755430168034380e-20 6.311247233376296450e-14 1.968279175626770359e-20
5.382274511329546730e-19 3.788005336919503252e-13 2.753362434231957717e-19
1.332614965998121315e-16 5.771553027167364291e-11 5.033724899630194613e-17
5.292252854719803942e-16 6.090748461140549352e-10 3.238274719988970540e-16
7.224930153931427568e-14 7.819772918082890101e-08 4.462601214125574978e-14
1.956529556423891592e-13 3.717633774158457527e-07 2.408050701115799219e-13
2.946311543263607780e-13 9.316455020780267660e-07 2.580915082345258682e-13
1.969976373868143060e-13 1.385137352372112218e-06 1.997025862818940789e-13
5.697902002652077691e-13 3.310494776087580249e-07 5.361011114202174355e-13
2.233192363670921665e-12 2.062056864815531299e-06 1.774820958602707499e-12
6.343878894421450809e-11 2.569292064436012879e-06 9.718212345966037446e-12
6.518261486121446069e-10 2.385479774602572434e-06 4.836092984406015205e-11
4.731087415166257415e-07 1.634811815165448934e-05 9.274717882590266527e-09
9.608676009520422667e-06 7.911141437944024801e-05 5.591407514771162823e-08
9.225605342398327752e-19 5.864763632416725159e-02 9.654209940160307646e-13
2.835942685904739443e-21 1.274664700031280518e-02 3.313908324728380428e-14
4.535325032753430229e-25 1.057462486642180011e-05 6.098273525459235126e-16
2.718746592617478422e-24 2.248893142677843571e-04 3.792879865417768349e-16
6.700803930886538869e-26 1.586046516895294189e-01 4.794260248199155866e-18
8.342598503164810348e-25 6.834725290536880493e-02 6.528026262616932831e-18
7.338327452631803998e-22 9.568122774362564087e-02 1.012984436373750912e-16
9.839988701740231313e-20 2.798170410096645355e-02 7.595681133625844725e-16
2.428575258104671841e-14 1.911201477050781250e-01 1.768215240026405066e-12
5.619965864206433181e-12 2.077509313821792603e-01 4.209113960151888989e-11
2.130638776520754618e-08 2.837255597114562988e-01 6.028756871501173009e-08
7.589585493406048045e-08 3.958016633987426758e-01 7.818995868547062855e-07
9.459966421127319336e-02 3.073887526988983154e-01 1.057325080037117004e-01
2.690510451793670654e-01 2.891085445880889893e-01 2.789208292961120605e-01
2.356354743242263794e-01 4.087455868721008301e-01 3.525144755840301514e-01
2.707230746746063232e-01 4.423887729644775391e-01 3.154460787773132324e-01
1.624311506748199463e-01 5.319283008575439453e-01 1.261230558156967163e-01
1.113755926489830017e-01 5.449811816215515137e-01 8.294183015823364258e-02
2.214862219989299774e-02 5.089250206947326660e-01 2.150343544781208038e-02
8.983771502971649170e-02 6.603888869285583496e-01 1.264233887195587158e-01
2.113845944404602051e-01 5.629940032958984375e-01 2.084084153175354004e-01
3.985568583011627197e-01 5.428844094276428223e-01 3.619674146175384521e-01
9.458376007387414575e-05 5.358313322067260742e-01 3.672170569188892841e-04
6.453753798041361733e-08 5.473765730857849121e-01 1.157730480372265447e-07
7.204241543601330733e-12 6.082291603088378906e-01 1.841974316130201572e-11
2.882512835329165482e-15 6.441641449928283691e-01 9.691783169735700143e-15
3.323939988543672180e-19 5.573465228080749512e-01 2.007546046765424926e-18
1.013606277671043776e-17 5.214349627494812012e-01 9.869701355045502260e-17
2.633843655531326565e-16 6.739451885223388672e-01 6.996484944540469139e-15
1.350421770934806531e-11 4.539499878883361816e-01 1.837052732156507773e-10
3.077550977468490601e-02 4.355614185333251953e-01 5.881704762578010559e-02
2.117699980735778809e-01 4.301150739192962646e-01 3.028575479984283447e-01
7.524892134824767709e-05 3.174865543842315674e-01 2.980866120196878910e-04
5.343521252143546008e-07 2.766726016998291016e-01 2.741951220741611905e-06
9.582069516181945801e-02 1.639303416013717651e-01 1.321589648723602295e-01
2.936161160469055176e-01 2.467861324548721313e-01 4.353586435317993164e-01
2.049368731604772620e-06 1.473892865533343866e-07 1.201903046421648469e-06
6.190600174704741221e-07 1.251639742370913577e-12 7.462105600097856950e-07
1.902576855172810610e-06 3.198563641487641574e-20 3.440116415731608868e-06
1.171820372292131651e-06 3.577826016966690119e-19 2.383142145845340565e-06
3.244898021221160889e-01 2.134398682644179923e-14 4.498002827167510986e-01
4.858902096748352051e-01 2.327647970201685013e-11 6.055623292922973633e-01
3.482312858104705811e-01 2.205073386430740356e-01 4.645432233810424805e-01
3.670563101768493652e-01 3.252569735050201416e-01 4.535263776779174805e-01
4.060426056385040283e-01 2.197046875953674316e-01 4.991678893566131592e-01
4.846992194652557373e-01 2.903157472610473633e-01 5.578930974006652832e-01
5.038253068923950195e-01 1.053512990474700928e-01 5.641866922378540039e-01
5.735782384872436523e-01 1.967798024415969849e-01 5.831156373023986816e-01
5.372716188430786133e-01 1.138421595096588135e-01 5.893536210060119629e-01
5.841372609138488770e-01 2.265372425317764282e-01 6.479744315147399902e-01
3.496204912662506104e-01 3.831067681312561035e-02 4.387750327587127686e-01
3.401221930980682373e-01 2.767500933259725571e-03 4.188303351402282715e-01
4.682213068008422852e-01 4.265719724116934231e-07 5.113520622253417969e-01
5.361170768737792969e-01 1.427161855360736809e-08 5.780764222145080566e-01
4.647474586963653564e-01 2.248234237667290358e-10 5.599640011787414551e-01
4.345200657844543457e-01 2.917993624507175809e-11 5.129753947257995605e-01
5.777633786201477051e-01 6.162043965363128706e-12 6.586697101593017578e-01
5.995143651962280273e-01 8.387728012149153756e-12 6.930348873138427734e-01
5.788574814796447754e-01 1.440201430336074395e-10 6.616584658622741699e-01
6.562870144844055176e-01 2.096436080289976189e-10 6.900985240936279297e-01
3.647488057613372803e-01 2.383679642559144440e-10 4.415133893489837646e-01
3.239248991012573242e-01 1.897950130391734547e-10 4.037085771560668945e-01
3.004487454891204834e-01 1.718298836550502529e-10 3.850106298923492432e-01
3.338706493377685547e-01 4.699451938705578868e-10 3.713636696338653564e-01
2.212741374969482422e-01 2.822593048179555808e-09 2.762190103530883789e-01
1.929244101047515869e-01 5.284908066727211917e-09 2.530718743801116943e-01
2.287229150533676147e-01 1.053184739419066318e-08 2.649006247520446777e-01
3.315450251102447510e-01 3.041078944221453639e-09 3.879920244216918945e-01
1.599903106689453125e-01 5.334614083807309726e-09 1.972361057996749878e-01
1.600931137800216675e-01 2.376679408833126672e-10 2.006853967905044556e-01
5.252259969711303711e-02 1.391785558330083106e-11 1.055846661329269409e-01
2.051675925031304359e-03 4.888763141053589778e-14 1.849325373768806458e-03
3.693376626756617043e-08 7.375559240551521475e-17 1.066828048124079942e-07
2.325819571658005458e-11 5.820292495070517166e-19 5.591552221240192466e-10
4.696023244676592608e-20 1.773676437020733385e-24 1.009797028232175829e-17
2.022297784214713571e-24 3.421688268997270529e-28 1.219765660759844718e-21
7.065996459812590105e-33 9.944169220614732288e-36 2.761079372115379630e-29
6.197816923584550384e-35 0.000000000000000000e+00 1.157654695905903226e-31
0.000000000000000000e+00 0.000000000000000000e+00 0.000000000000000000e+00
0.000000000000000000e+00 0.000000000000000000e+00 0.000000000000000000e+00
0.000000000000000000e+00 0.000000000000000000e+00 0.000000000000000000e+00
0.000000000000000000e+00 0.000000000000000000e+00 0.000000000000000000e+00
0.000000000000000000e+00 0.000000000000000000e+00 0.000000000000000000e+00
0.000000000000000000e+00 0.000000000000000000e+00 0.000000000000000000e+00
0.000000000000000000e+00 0.000000000000000000e+00 0.000000000000000000e+00
0.000000000000000000e+00 0.000000000000000000e+00 0.000000000000000000e+00
0.000000000000000000e+00 0.000000000000000000e+00 0.000000000000000000e+00
0.000000000000000000e+00 0.000000000000000000e+00 0.000000000000000000e+00
0.000000000000000000e+00 4.306041217238211274e-36 0.000000000000000000e+00
1.851537062210845121e-38 1.201793450834364382e-30 0.000000000000000000e+00
2.581614238401328590e-28 2.259799530851992896e-17 7.794836018101025237e-33
1.088668971364454631e-25 5.003487316308785626e-13 1.816558037941530687e-29
7.003066162238785988e-19 1.762644678819924593e-04 5.582896611042363604e-22
9.891670610370420632e-18 1.545020844787359238e-02 4.047144321216211055e-20
1.442247905304727684e-12 1.284877508878707886e-01 2.648253422381664085e-14
2.945408457064035979e-12 6.769555062055587769e-02 3.491085458912079886e-13
6.922426173949780548e-12 2.501466870307922363e-01 1.052243361887583717e-11
5.578518549875788324e-12 2.871808707714080811e-01 2.267924043009017510e-11
1.327978282894548556e-10 3.262264430522918701e-01 1.357258527789895197e-09
3.677085372300048505e-11 2.983224689960479736e-01 2.607514482111383813e-10
2.962020548540750253e-13 6.900461018085479736e-02 4.055467767161147208e-12
2.975174089297344393e-13 1.329754106700420380e-02 3.507673752151108104e-12
3.645565294953245772e-13 1.178036555647850037e-01 1.683186250968360387e-12
2.861332183560008624e-14 2.460823580622673035e-02 6.845530544329070377e-14
1.943230694459701768e-16 2.091346075758337975e-03 4.359986158356855563e-16
1.901802710056187964e-17 6.436325493268668652e-04 4.169954118117006269e-17
2.419565976498400983e-20 9.954469533113297075e-06 1.254115797802465366e-19
3.871427006082296282e-21 4.727542943783191731e-07 7.881563476719212285e-21
1.057492845235626474e-22 1.133384774920642712e-10 1.717403833207697729e-22
1.506610259685237590e-23 7.469411374139145465e-12 2.268299639886816865e-23
5.337501417016506951e-25 4.440184825989668821e-15 4.617566247313049526e-25
1.689035606195044924e-24 2.748048260776676625e-15 1.013366774542385660e-24
2.657957326248554602e-23 6.405042918570733046e-16 1.819378935792531660e-23
1.908200129881603516e-22 1.705612224129097673e-15 1.957009289115906971e-22
2.394069588144874408e-20 3.401637898767760626e-14 7.927488156587244247e-21
2.410548027610953733e-19 2.116792120277280476e-13 1.182622060471624338e-19
7.005023354286147707e-17 3.599607417692496369e-11 2.485770219514331591e-17
2.887375704418911624e-16 4.012362109229172802e-10 1.670715181386269745e-16
4.440872786149428764e-14 5.778798239930438285e-08 2.601577841229805316e-14
1.227943121533472959e-13 2.845308131327328738e-07 1.455400876855181269e-13
1.880671860647956106e-13 7.321935981963179074e-07 1.567621087193021845e-13
1.242690168433077669e-13 1.097951667361485306e-06 1.203230494840196174e-13
3.624197838537901450e-13 2.511555408091226127e-07 3.263403815841753319e-13
1.449945957569809263e-12 1.608044044587586541e-06 1.101813844155141719e-12
4.307779480350326651e-11 1.986388497243751772e-06 6.170559289225829858e-12
4.593190550128412042e-10 1.838690309341473039e-06 3.165718728825872574e-11
3.735374605184915708e-07 1.300293661188334227e-05 6.674814478913049243e-09
7.945491233840584755e-06 6.500981544377282262e-05 4.143365828213063651e-08
0.000000000000000000e+00 1.000000000000000000e+00 1.000000000000000000e+00
0.000000000000000000e+00 1.000000000000000000e+00 1.000000000000000000e+00
0.000000000000000000e+00 1.000000000000000000e+00 1.000000000000000000e+00
0.000000000000000000e+00 1.000000000000000000e+00 1.000000000000000000e+00
0.000000000000000000e+00 1.000000000000000000e+00 1.000000000000000000e+00
0.000000000000000000e+00 1.000000000000000000e+00 1.000000000000000000e+00
0.000000000000000000e+00 1.000000000000000000e+00 1.000000000000000000e+00
0.000000000000000000e+00 1.000000000000000000e+00 1.000000000000000000e+00
0.000000000000000000e+00 1.000000000000000000e+00 1.000000000000000000e+00
0.000000000000000000e+00 1.000000000000000000e+00 1.000000000000000000e+00
0.000000000000000000e+00 1.000000000000000000e+00 1.000000000000000000e+00
0.000000000000000000e+00 1.000000000000000000e+00 1.000000000000000000e+00
0.000000000000000000e+00 1.000000000000000000e+00 1.000000000000000000e+00
0.000000000000000000e+00 1.000000000000000000e+00 1.000000000000000000e+00
0.000000000000000000e+00 1.000000000000000000e+00 1.000000000000000000e+00
0.000000000000000000e+00 1.000000000000000000e+00 1.000000000000000000e+00
0.000000000000000000e+00 1.000000000000000000e+00 1.000000000000000000e+00
0.000000000000000000e+00 1.000000000000000000e+00 1.000000000000000000e+00
0.000000000000000000e+00 1.000000000000000000e+00 1.000000000000000000e+00
0.000000000000000000e+00 1.000000000000000000e+00 1.000000000000000000e+00
0.000000000000000000e+00 1.000000000000000000e+00 1.000000000000000000e+00
0.000000000000000000e+00 1.000000000000000000e+00 1.000000000000000000e+00
0.000000000000000000e+00 1.000000000000000000e+00 1.000000000000000000e+00
0.000000000000000000e+00 1.000000000000000000e+00 1.000000000000000000e+00
0.000000000000000000e+00 1.000000000000000000e+00 1.000000000000000000e+00
0.000000000000000000e+00 1.000000000000000000e+00 1.000000000000000000e+00
0.000000000000000000e+00 1.000000000000000000e+00 1.000000000000000000e+00
0.000000000000000000e+00 1.000000000000000000e+00 1.000000000000000000e+00
0.000000000000000000e+00 1.000000000000000000e+00 1.000000000000000000e+00
0.000000000000000000e+00 1.000000000000000000e+00 1.000000000000000000e+00
0.000000000000000000e+00 1.000000000000000000e+00 1.000000000000000000e+00
0.000000000000000000e+00 1.000000000000000000e+00 1.000000000000000000e+00
0.000000000000000000e+00 1.000000000000000000e+00 1.000000000000000000e+00
1.160335395505302216e-36 1.000000000000000000e+00 1.000000000000000000e+00
3.359565412525805087e-29 1.000000000000000000e+00 1.000000000000000000e+00
7.081830835530482916e-27 1.000000000000000000e+00 1.000000000000000000e+00
7.020034366298270011e-16 1.000000000000000000e+00 1.000000000000000000e+00
9.700688603092588735e-13 1.000000000000000000e+00 1.000000000000000000e+00
2.000935239721002290e-08 1.000000000000000000e+00 1.000000000000000000e+00
1.277860928183827127e-08 1.000000000000000000e+00 1.000000000000000000e+00
1.885603666305541992e-01 1.000000000000000000e+00 1.000000000000000000e+00
2.393331527709960938e-01 1.000000000000000000e+00 1.000000000000000000e+00
2.426141649484634399e-01 1.000000000000000000e+00 1.000000000000000000e+00
2.056530117988586426e-01 1.000000000000000000e+00 1.000000000000000000e+00
3.762752413749694824e-01 1.000000000000000000e+00 1.000000000000000000e+00
3.882483839988708496e-01 1.000000000000000000e+00 1.000000000000000000e+00
4.784721434116363525e-01 1.000000000000000000e+00 1.000000000000000000e+00
4.423782825469970703e-01 1.000000000000000000e+00 1.000000000000000000e+00
4.885740876197814941e-01 1.000000000000000000e+00 1.000000000000000000e+00
5.848522186279296875e-01 1.000000000000000000e+00 1.000000000000000000e+00
3.878098726272583008e-01 1.000000000000000000e+00 1.000000000000000000e+00
3.259587585926055908e-01 1.000000000000000000e+00 1.000000000000000000e+00
4.565673172473907471e-01 1.000000000000000000e+00 1.000000000000000000e+00
4.935862421989440918e-01 1.000000000000000000e+00 1.000000000000000000e+00
4.829883873462677002e-01 1.000000000000000000e+00 1.000000000000000000e+00
4.810243248939514160e-01 1.000000000000000000e+00 1.000000000000000000e+00
6.644248366355895996e-01 1.000000000000000000e+00 1.000000000000000000e+00
6.409646272659301758e-01 1.000000000000000000e+00 1.000000000000000000e+00
6.650835275650024414e-01 1.000000000000000000e+00 1.000000000000000000e+00
7.144666314125061035e-01 1.000000000000000000e+00 1.000000000000000000e+00
4.180632531642913818e-01 1.000000000000000000e+00 1.000000000000000000e+00
4.030478596687316895e-01 1.000000000000000000e+00 1.000000000000000000e+00
3.095439374446868896e-01 1.000000000000000000e+00 1.000000000000000000e+00
3.104801774024963379e-01 1.000000000000000000e+00 1.000000000000000000e+00
1.614145785570144653e-01 1.000000000000000000e+00 1.000000000000000000e+00
2.288640737533569336e-01 1.000000000000000000e+00 1.000000000000000000e+00
1.320280283689498901e-01 1.000000000000000000e+00 1.000000000000000000e+00
2.577558457851409912e-01 1.000000000000000000e+00 1.000000000000000000e+00
1.497478336095809937e-01 1.000000000000000000e+00 1.000000000000000000e+00
5.009187012910842896e-02 1.000000000000000000e+00 1.000000000000000000e+00
7.499652355909347534e-02 1.000000000000000000e+00 1.000000000000000000e+00
6.255411356687545776e-02 1.000000000000000000e+00 1.000000000000000000e+00
6.226932214303815272e-08 1.000000000000000000e+00 1.000000000000000000e+00
8.059013525962832603e-13 1.000000000000000000e+00 1.000000000000000000e+00
5.386890550732633419e-21 1.000000000000000000e+00 1.000000000000000000e+00
5.411751921273844384e-28 1.000000000000000000e+00 1.000000000000000000e+00
0.000000000000000000e+00 1.000000000000000000e+00 1.000000000000000000e+00
0.000000000000000000e+00 1.000000000000000000e+00 1.000000000000000000e+00
0.000000000000000000e+00 1.000000000000000000e+00 1.000000000000000000e+00
0.000000000000000000e+00 1.000000000000000000e+00 1.000000000000000000e+00
0.000000000000000000e+00 1.000000000000000000e+00 1.000000000000000000e+00
0.000000000000000000e+00 1.000000000000000000e+00 1.000000000000000000e+00
0.000000000000000000e+00 1.000000000000000000e+00 1.000000000000000000e+00
0.000000000000000000e+00 1.000000000000000000e+00 1.000000000000000000e+00
0.000000000000000000e+00 1.000000000000000000e+00 1.000000000000000000e+00
0.000000000000000000e+00 1.000000000000000000e+00 1.000000000000000000e+00
0.000000000000000000e+00 1.000000000000000000e+00 1.000000000000000000e+00
0.000000000000000000e+00 1.000000000000000000e+00 1.000000000000000000e+00
0.000000000000000000e+00 1.000000000000000000e+00 1.000000000000000000e+00
0.000000000000000000e+00 1.000000000000000000e+00 1.000000000000000000e+00
0.000000000000000000e+00 1.000000000000000000e+00 1.000000000000000000e+00
0.000000000000000000e+00 1.000000000000000000e+00 1.000000000000000000e+00
0.000000000000000000e+00 1.000000000000000000e+00 1.000000000000000000e+00
0.000000000000000000e+00 1.000000000000000000e+00 1.000000000000000000e+00
0.000000000000000000e+00 1.000000000000000000e+00 1.000000000000000000e+00
0.000000000000000000e+00 1.000000000000000000e+00 1.000000000000000000e+00
0.000000000000000000e+00 1.000000000000000000e+00 1.000000000000000000e+00
0.000000000000000000e+00 1.000000000000000000e+00 1.000000000000000000e+00
0.000000000000000000e+00 1.000000000000000000e+00 1.000000000000000000e+00
0.000000000000000000e+00 1.000000000000000000e+00 1.000000000000000000e+00
0.000000000000000000e+00 1.000000000000000000e+00 1.000000000000000000e+00
0.000000000000000000e+00 1.000000000000000000e+00 1.000000000000000000e+00
0.000000000000000000e+00 1.000000000000000000e+00 1.000000000000000000e+00
0.000000000000000000e+00 2.473191489116288722e-05 2.552337541317228897e-08
0.000000000000000000e+00 3.906849736657610562e-16 5.242017693048555682e-25
0.000000000000000000e+00 1.311253019918218914e-33 2.980111176032759049e-38
0.000000000000000000e+00 0.000000000000000000e+00 0.000000000000000000e+00
0.000000000000000000e+00 0.000000000000000000e+00 0.000000000000000000e+00
0.000000000000000000e+00 0.000000000000000000e+00 0.000000000000000000e+00
0.000000000000000000e+00 0.000000000000000000e+00 0.000000000000000000e+00
0.000000000000000000e+00 0.000000000000000000e+00 0.000000000000000000e+00
0.000000000000000000e+00 0.000000000000000000e+00 0.000000000000000000e+00
0.000000000000000000e+00 0.000000000000000000e+00 0.000000000000000000e+00
0.000000000000000000e+00 0.000000000000000000e+00 0.000000000000000000e+00
0.000000000000000000e+00 0.000000000000000000e+00 0.000000000000000000e+00
0.000000000000000000e+00 0.000000000000000000e+00 0.000000000000000000e+00
0.000000000000000000e+00 0.000000000000000000e+00 0.000000000000000000e+00
0.000000000000000000e+00 0.000000000000000000e+00 0.000000000000000000e+00
0.000000000000000000e+00 0.000000000000000000e+00 0.000000000000000000e+00
0.000000000000000000e+00 0.000000000000000000e+00 0.000000000000000000e+00
0.000000000000000000e+00 0.000000000000000000e+00 0.000000000000000000e+00
0.000000000000000000e+00 0.000000000000000000e+00 0.000000000000000000e+00
0.000000000000000000e+00 0.000000000000000000e+00 0.000000000000000000e+00
0.000000000000000000e+00 0.000000000000000000e+00 0.000000000000000000e+00
0.000000000000000000e+00 0.000000000000000000e+00 0.000000000000000000e+00
0.000000000000000000e+00 0.000000000000000000e+00 0.000000000000000000e+00
0.000000000000000000e+00 0.000000000000000000e+00 0.000000000000000000e+00
0.000000000000000000e+00 0.000000000000000000e+00 0.000000000000000000e+00
