-6.577785897023957773e-03 5.692966123138631929e-05 6.438016484084485569e-03
-7.596376824147377249e-03 3.825445313943021119e-05 9.148426840605239363e-03
-7.728881287343725148e-03 -6.655248866502816441e-04 7.727659533323993912e-03
-9.897898840672603171e-03 -2.244775758217798511e-04 1.126218492776409619e-02
-1.069641463733450593e-02 -1.150490270656945313e-03 9.261380741896196866e-03
-1.152242009616610829e-02 -1.587141619724619090e-03 1.204932243615619569e-02
-1.163231580234302953e-02 -9.694816337058043132e-04 1.039224941522132184e-02
-1.233088748431931947e-02 -2.746620820564871224e-03 1.306913859635816522e-02
-1.200259082294241608e-02 -8.449161515660108535e-04 1.083999068528651577e-02
-1.213126199222358537e-02 -3.160001920265997910e-03 1.349696309358083823e-02
-1.170854251361586051e-02 -1.784237103266583802e-03 1.048098118096785214e-02
-1.099565474963881684e-02 -4.125500814718741083e-03 1.296893818170108403e-02
-1.186208717799885903e-02 -1.921245382828118409e-03 1.056174595147574280e-02
-1.167642466998852768e-02 -4.468391583961839331e-03 1.220083434373364639e-02
-1.098730270839443079e-02 -2.223215387863852754e-03 1.023147089272935517e-02
-1.110055534816467571e-02 -6.016722248596728662e-03 1.156788689881782517e-02
-1.038701026416521955e-02 -1.714918182892155585e-03 1.002518517762673866e-02
-9.499958204991720834e-03 -6.326020048661007422e-03 1.099288804322728907e-02
-1.069819824672446629e-02 -2.566137598557283184e-03 9.855398485960620292e-03
-8.172198700673760641e-03 -5.308327482742569714e-03 1.159689337998859315e-02
-1.011652462459355917e-02 -2.807925985855774798e-03 7.824252555670874187e-03
-8.891577648885373719e-03 -5.348125742478337941e-03 1.122801745921631067e-02
-8.656670975454083816e-03 -2.865679310364299681e-03 7.230283150973626505e-03
-8.053248333699691841e-03 -5.461112545532387230e-03 1.058123488217788122e-02
-8.131273317105502940e-03 -2.724252985520259074e-03 6.102613339724172192e-03
-8.309216665990604156e-03 -4.894692467255268298e-03 9.888765702547708258e-03
-7.061553644902573978e-03 -3.255802439254829039e-03 4.638464401068631560e-03
-6.966209846503979009e-03 -4.789472626251622955e-03 1.073172991030180157e-02
-6.207280623681477039e-03 -2.450095222992665356e-03 2.888051579298611671e-03
-7.105412769086605351e-03 -5.052551792664061736e-03 1.026227034121962589e-02
-5.943767595059767928e-03 -2.187528656524939663e-03 2.791270385088751027e-03
-6.915497469671016972e-03 -3.497370885414241570e-03 8.933917234243970995e-03
-5.710448252923328027e-03 -2.179896281761628529e-03 2.516272077860648437e-03
-6.814717757470667436e-03 -2.497333334487983336e-03 1.046255649119842701e-02
-6.049438911444937617e-03 -2.094766379994617012e-03 1.675442347826461287e-03
-6.610639515288063706e-03 -1.482297198576176811e-03 9.406197662057635966e-03
-5.777460413940005424e-03 -2.492338733476984203e-03 2.274591634574107957e-03
-6.899436402089342835e-03 -1.275088535351187602e-03 1.022154397756125377e-02
-5.689566048748595506e-03 -3.134704695743728564e-03 2.328731367888359216e-03
-7.354367184407628599e-03 -2.492423520514819302e-04 1.128574664384363047e-02
-5.702767061955604788e-03 -3.033589230580169271e-03 4.311845400950531371e-04
-7.652604508169069675e-03 5.244107975537204425e-04 1.134832103044036700e-02
-5.471388983495195646e-03 -3.226370857758453781e-03 -1.470136544083899821e-04
-7.715226697690980018e-03 6.447377934035714020e-04 1.099441618710983448e-02
-5.564311194188320542e-03 -3.748253034157045249e-03 -6.717202565047486473e-04
-7.740714478261523368e-03 1.904181195693688267e-03 1.104137850791442332e-02
-5.106019901997882471e-03 -4.738181637329752505e-03 -1.032497574982471633e-03
-8.121447968251871430e-03 1.812073184447982044e-03 1.233793064445531940e-02
-4.125512051350810339e-03 -5.821885870498810789e-03 -1.765385915932782268e-03
-8.913437056309980733e-03 2.389427496391149930e-03 1.267825324327009895e-02
-3.285957503087466591e-03 -6.105766819519686806e-03 -2.524853160080553494e-03
-8.806807684667461444e-03 2.967188312011259654e-03 1.252204115182387056e-02
-2.861701893575485656e-03 -6.920265840095751742e-03 -2.874160458741670254e-03
-8.043178009756069002e-03 3.234039379554687343e-03 1.402311856538318580e-02
-2.572629976041795885e-03 -7.492253349823840836e-03 -4.029754330811208263e-03
-8.087680625684434688e-03 3.558028413253033762e-03 1.418235881120200048e-02
-2.036482500798797446e-03 -7.792879985374590035e-03 -4.149774958786878187e-03
-8.403090166813953488e-03 3.284675194221264860e-03 1.527540595323095829e-02
-1.619631814725686070e-03 -8.183515833420251795e-03 -4.461019446549308043e-03
-9.524203467138114831e-03 3.927913619476086637e-03 1.491185004502781908e-02
-1.549936043985233880e-03 -8.635257767243054161e-03 -4.752726247009952942e-03
-9.186546984083499012e-03 4.309454633193432471e-03 1.491943700105213821e-02
-2.148907314009740332e-03 -8.832318113846326924e-03 -4.934992959198858387e-03
-9.530298012263571650e-03 4.562433494525564015e-03 1.598308117181268528e-02
-1.986951517827684199e-03 -8.861055778068838151e-03 -5.680816104111308107e-03
-9.856778669125709769e-03 5.050389005141653342e-03 1.596891886979534547e-02
-2.619026589162132268e-03 -9.120989279550961726e-03 -5.473992993531240359e-03
-1.020281546092771663e-02 5.199508888917847571e-03 1.659921366960048772e-02
-3.150950836904087282e-03 -9.556494490904121619e-03 -5.503343274292582521e-03
-1.084922926402853705e-02 5.264264954524477957e-03 1.658637363702286649e-02
-3.770532417066263520e-03 -9.189418362183232603e-03 -6.541801621613885231e-03
-1.111282949424552413e-02 5.083798719840437741e-03 1.626080829888820745e-02
-3.840427088506181974e-03 -8.885532425446207583e-03 -6.663358142075637147e-03
-1.189880125499520602e-02 4.933490647273330865e-03 1.650461275369163872e-02
-4.485069441564348836e-03 -8.788400934738760384e-03 -7.039559920725579900e-03
-1.293539993739845073e-02 4.571154548125733186e-03 1.585028577834624031e-02
-5.603804278142554551e-03 -8.743947313828215329e-03 -7.504834500548618337e-03
-1.360654680705764008e-02 4.048884107070271909e-03 1.639769423991666031e-02
-6.553872036702657056e-03 -8.625759886307093893e-03 -7.135792603192747663e-03
-1.478278081393957777e-02 4.579686833816154490e-03 1.621991791814814121e-02
-7.241688894993991710e-03 -8.209187077087953810e-03 -7.117358019051778228e-03
-1.561937372661326151e-02 5.104180289702497930e-03 1.551717598229895856e-02
-7.829921173818199520e-03 -8.213984625143666563e-03 -7.029324938950587409e-03
-1.639737145877617763e-02 5.499796225028497076e-03 1.577596093207844774e-02
-8.610790896184550292e-03 -7.864496787739483352e-03 -7.303604771790261907e-03
-1.689416091418971533e-02 5.192879736694244741e-03 1.576067454606544516e-02
-9.316870856054038086e-03 -7.922134147686499261e-03 -7.119056751427876861e-03
-1.721404330707310137e-02 5.425943924384668549e-03 1.615738422662271745e-02
-9.484268355138159023e-03 -7.769782649083012416e-03 -7.166950171289876437e-03
-1.711420171237731935e-02 5.877958061444310545e-03 1.613956386834658474e-02
-9.945343661077021835e-03 -6.864409612221678003e-03 -7.376796652970085688e-03
-1.681458394504309339e-02 6.421090079742342027e-03 1.622270865231989490e-02
-9.663004565007682345e-03 -6.171646879715275702e-03 -6.727267851529106224e-03
-1.678306071735136129e-02 6.577372981506179883e-03 1.645852014661031149e-02
-9.353632616765583663e-03 -6.076525019211409528e-03 -6.166428854164962559e-03
-1.633978621936549303e-02 6.504192484813486885e-03 1.644243998319172562e-02
-8.625792670018839203e-03 -5.776423738998559543e-03 -5.946377803978997179e-03
-1.582830159641046563e-02 6.759079648452015476e-03 1.656946511060208849e-02
-7.728475260503131494e-03 -5.397130058807597663e-03 -5.764136483368709207e-03
-1.420720593906166229e-02 6.951613379913013091e-03 1.632323081284958732e-02
-6.400634932286930479e-03 -5.332885550064503377e-03 -6.385137607750834832e-03
-1.253714101291425465e-02 6.774709536033540758e-03 1.567999167233935509e-02
-4.282471346623850650e-03 -5.682163046402344264e-03 -6.654968549904438646e-03
-1.053239777684211731e-02 6.380070932209491730e-03 1.515316963195800781e-02
-2.535599749535322189e-03 -6.019750144332647324e-03 -7.121831178665161133e-03
-8.739960379898548126e-03 5.686414428055286407e-03 1.447796449065208435e-02
-1.321796327829360962e-03 -5.974192637950181961e-03 -7.531234994530677795e-03
-7.463289424777030945e-03 5.342258606106042862e-03 1.382799074053764343e-02
-6.257376517169177532e-04 -6.214126478880643845e-03 -7.531635463237762451e-03
-6.630635820329189301e-03 5.224347114562988281e-03 1.336199045181274414e-02
-1.149094314314424992e-04 -5.945913959294557571e-03 -7.528956979513168335e-03
-5.928135011345148087e-03 4.871131386607885361e-03 1.250548474490642548e-02
1.710408832877874374e-05 -5.362302996218204498e-03 -7.179325912147760391e-03
-5.316197872161865234e-03 4.190731793642044067e-03 1.176339760422706604e-02
1.167980080936104059e-04 -4.529153462499380112e-03 -5.602476187050342560e-03
-4.917076788842678070e-03 2.964130369946360588e-03 9.900145232677459717e-03
-7.596906507387757301e-04 -3.052061423659324646e-03 -3.591299057006835938e-03
-3.476229496300220490e-03 1.392233185470104218e-03 7.479048334062099457e-03
-1.563739497214555740e-03 -2.020767889916896820e-03 -1.079652458429336548e-03
-2.369659021496772766e-03 6.195796886458992958e-04 4.292678087949752808e-03
-2.318220678716897964e-03 -1.702698413282632828e-03 1.453417818993330002e-03
-3.259389195591211319e-03 -8.712576236575841904e-04 2.647373825311660767e-03
-2.327225171029567719e-03 -1.702306559309363365e-03 -7.777847349643707275e-05
-1.758455066010355949e-03 8.728643879294395447e-04 6.198356859385967255e-03
-2.119012642651796341e-03 -1.691877609118819237e-03 -2.102873288094997406e-03
-2.009066753089427948e-03 -8.890104945749044418e-04 4.741410724818706512e-03
-8.693130221217870712e-04 -5.782800726592540741e-04 -2.514940919354557991e-03
-2.035543322563171387e-03 4.735660040751099586e-04 3.249849192798137665e-03
