3.495048543689325271e-01 -1.829708737864068624e-01 -4.005436893203881965e-01
2.945048543689319231e-01 -1.849708737864066421e-01 -3.155436893203873439e-01
2.855048543689324703e-01 -1.469708737864072745e-01 -4.705436893203875925e-01
3.715048543689318805e-01 -2.779708737864066137e-01 -4.265436893203879976e-01
4.635048543689324063e-01 -8.797087378640711108e-02 -3.875436893203874078e-01
5.055048543689322216e-01 -1.039708737864071253e-01 -2.875436893203877631e-01
5.645048543689323850e-01 -1.189708737864068056e-01 -4.955436893203879478e-01
6.575048543689323566e-01 -6.597087378640686950e-02 -4.735436893203877062e-01
5.885048543689324063e-01 -2.259708737864070116e-01 -4.925436893203878341e-01
5.225048543689325697e-01 -9.197087378640667055e-02 -5.925436893203874789e-01
4.065048543689320226e-01 5.702912621359335077e-02 -3.875436893203874078e-01
2.895048543689320297e-01 6.402912621359302392e-02 -4.245436893203882178e-01
4.785048543689320866e-01 1.620291262135928889e-01 -3.505436893203874860e-01
5.785048543689326195e-01 1.540291262135928818e-01 -3.405436893203876991e-01
4.255048543689321505e-01 2.880291262135932229e-01 -2.945436893203874362e-01
5.045048543689318876e-01 3.620291262135930666e-01 -2.845436893203876494e-01
3.295048543689320653e-01 3.560291262135928392e-01 -3.945436893203879691e-01
3.005048543689321505e-01 4.530291262135932584e-01 -3.545436893203879336e-01
3.775048543689321079e-01 3.680291262135932939e-01 -4.915436893203875002e-01
2.375048543689324276e-01 3.000291262135927894e-01 -4.125436893203877631e-01
3.735048543689325484e-01 2.640291262135932016e-01 -1.525436893203879762e-01
4.235048543689323708e-01 1.690291262135934502e-01 -9.154368932038803308e-02
2.935048543689324774e-01 3.540291262135930594e-01 -9.454368932038814677e-02
2.715048543689322358e-01 4.380291262135926900e-01 -1.455436893203874149e-01
2.335048543689319800e-01 3.390291262135933792e-01 4.045631067961252825e-02
3.175048543689324987e-01 3.410291262135931589e-01 1.094563106796124785e-01
1.355048543689321150e-01 4.590291262135925976e-01 6.345631067961221561e-02
5.950485436893249158e-02 4.600291262135929315e-01 -1.454368932038807571e-02
8.250485436893217894e-02 4.450291262135932513e-01 1.574563106796125211e-01
1.845048543689324916e-01 5.560291262135930168e-01 6.145631067961243588e-02
1.675048543689321434e-01 1.990291262135928108e-01 6.645631067961232930e-02
1.845048543689324916e-01 1.400291262135926473e-01 1.734563106796125354e-01
1.035048543689320866e-01 1.490291262135929884e-01 -4.254368932038765649e-02
1.015048543689323068e-01 2.090291262135925976e-01 -1.225436893203877275e-01
5.550485436893204394e-02 1.002912621359275391e-02 -6.554368932038734386e-02
-4.495145631067565262e-03 -1.397087378640726740e-02 2.145631067961240035e-02
-3.149514563106770026e-02 2.102912621359287471e-02 -1.925436893203880118e-01
-1.254951456310680058e-01 6.902912621359291734e-02 -1.635436893203880970e-01
2.450485436893234947e-02 7.102912621359269707e-02 -2.715436893203877489e-01
-5.849514563106783527e-02 -7.897087378640677002e-02 -2.265436893203878199e-01
1.695048543689319231e-01 -9.997087378640667765e-02 -6.354368932038756412e-02
2.035048543689326195e-01 -1.599708737864071750e-01 -1.655436893203878768e-01
2.395048543689322074e-01 -1.209708737864065853e-01 5.245631067961209482e-02
2.145048543689327403e-01 -5.697087378640741662e-02 1.274563106796122725e-01
3.505048543689319729e-01 -2.159708737864072248e-01 7.845631067961189586e-02
3.435048543689322997e-01 -3.009708737864071892e-01 1.045631067961227956e-02
4.785048543689320866e-01 -1.349708737864068198e-01 5.745631067961198823e-02
4.715048543689324134e-01 -7.497087378640721056e-02 -3.354368932038820361e-02
4.915048543689319871e-01 -6.997087378640731714e-02 1.434563106796122867e-01
5.635048543689320510e-01 -2.029708737864073242e-01 4.945631067961198113e-02
3.485048543689321932e-01 -2.679708737864068269e-01 2.244563106796118035e-01
4.295048543689325982e-01 -3.509708737864070116e-01 2.684563106796122867e-01
2.405048543689325413e-01 -2.319708737864072390e-01 2.934563106796126419e-01
1.745048543689327047e-01 -1.739708737864074095e-01 2.434563106796119314e-01
1.985048543689327261e-01 -2.939708737864066279e-01 4.214563106796118674e-01
2.295048543689324205e-01 -3.979708737864067203e-01 4.304563106796122085e-01
2.665048543689323424e-01 -2.109708737864073314e-01 5.284563106796120735e-01
2.385048543689318734e-01 -1.069708737864072390e-01 5.124563106796120593e-01
2.325048543689325342e-01 -2.339708737864070187e-01 6.294563106796120522e-01
3.735048543689325484e-01 -2.319708737864072390e-01 5.284563106796120735e-01
4.650485436893259106e-02 -2.919708737864068482e-01 4.374563106796118817e-01
-1.349514563106790632e-02 -3.879708737864069334e-01 4.854563106796119243e-01
-7.495145631067678949e-03 -1.779708737864069690e-01 3.954563106796120664e-01
5.550485436893204394e-02 -1.039708737864071253e-01 3.674563106796124856e-01
-1.454951456310675795e-01 -1.599708737864071750e-01 3.414563106796117964e-01
-2.054951456310680769e-01 -2.389708737864069121e-01 3.864563106796126135e-01
-2.104951456310679703e-01 -3.197087378640706135e-02 3.904563106796121730e-01
-2.064951456310675226e-01 -3.297087378640739530e-02 4.994563106796121588e-01
-1.724951456310677145e-01 5.802912621359279655e-02 3.414563106796117964e-01
-3.174951456310672882e-01 -3.697087378640695476e-02 3.694563106796122653e-01
-1.534951456310675866e-01 -1.749708737864068553e-01 1.814563106796125425e-01
-5.949514563106728104e-02 -2.309708737864069050e-01 1.244563106796121588e-01
-2.604951456310677926e-01 -1.349708737864068198e-01 1.114563106796122582e-01
-3.364951456310674160e-01 -9.497087378640678423e-02 1.644563106796121943e-01
-2.914951456310674871e-01 -1.909708737864068695e-01 -2.254368932038808282e-02
-1.964951456310677358e-01 -1.939708737864069832e-01 -7.554368932038801887e-02
-3.504951456310676505e-01 -3.289708737864067700e-01 1.456310679611938497e-03
-3.354951456310679703e-01 -3.849708737864068198e-01 -9.054368932038769913e-02
-3.134951456310677287e-01 -3.699708737864071395e-01 9.645631067961257799e-02
-4.584951456310677465e-01 -3.219708737864070969e-01 1.245631067961205929e-02
-3.914951456310680200e-01 -1.219708737864069192e-01 -1.195436893203876139e-01
-3.834951456310680129e-01 -1.369708737864065995e-01 -2.455436893203879478e-01
-4.914951456310676647e-01 -4.997087378640685529e-02 -6.954368932038779150e-02
-5.124951456310675724e-01 -6.097087378640697608e-02 2.845631067961207350e-02
-5.964951456310676470e-01 8.029126213592974182e-03 -1.475436893203880828e-01
-5.784951456310678530e-01 -5.970873786407260297e-03 -2.535436893203879549e-01
-7.304951456310675439e-01 -6.097087378640697608e-02 -1.195436893203876139e-01
-7.324951456310677678e-01 -1.649708737864070685e-01 -1.525436893203879762e-01
-7.514951456310678957e-01 -5.997087378640664213e-02 -1.254368932038740780e-02
-8.114951456310675049e-01 -5.970873786407260297e-03 -1.665436893203882107e-01
-5.914951456310677536e-01 1.610291262135934431e-01 -1.315436893203880686e-01
-5.834951456310677465e-01 2.330291262135926189e-01 -2.345436893203878270e-01
-5.954951456310677571e-01 2.310291262135928392e-01 -1.654368932038785545e-02
-5.504951456310678282e-01 3.210291262135926971e-01 -2.054368932038741491e-02
-6.204951456310676683e-01 1.760291262135931234e-01 1.214563106796120451e-01
-7.074951456310678566e-01 1.110291262135927326e-01 1.104563106796119243e-01
-6.534951456310675866e-01 2.970291262135926758e-01 2.124563106796122369e-01
-7.504951456310675617e-01 3.440291262135932726e-01 2.024563106796124501e-01
-6.464951456310679134e-01 2.600291262135927539e-01 3.154563106796119953e-01
-5.674951456310677322e-01 3.640291262135928463e-01 2.134563106796125709e-01
-5.004951456310675617e-01 1.010291262135929458e-01 1.854563106796121019e-01
-5.074951456310676789e-01 -1.697087378640738109e-02 2.204563106796122440e-01
-3.934951456310677997e-01 1.700291262135928960e-01 1.924563106796117751e-01
0.000000000000000000e+00 0.000000000000000000e+00 0.000000000000000000e+00
0.000000000000000000e+00 0.000000000000000000e+00 0.000000000000000000e+00
0.000000000000000000e+00 0.000000000000000000e+00 0.000000000000000000e+00
0.000000000000000000e+00 0.000000000000000000e+00 0.000000000000000000e+00
0.000000000000000000e+00 0.000000000000000000e+00 0.000000000000000000e+00
0.000000000000000000e+00 0.000000000000000000e+00 0.000000000000000000e+00
0.000000000000000000e+00 0.000000000000000000e+00 0.000000000000000000e+00
0.000000000000000000e+00 0.000000000000000000e+00 0.000000000000000000e+00
0.000000000000000000e+00 0.000000000000000000e+00 0.000000000000000000e+00
0.000000000000000000e+00 0.000000000000000000e+00 0.000000000000000000e+00
0.000000000000000000e+00 0.000000000000000000e+00 0.000000000000000000e+00
0.000000000000000000e+00 0.000000000000000000e+00 0.000000000000000000e+00
0.000000000000000000e+00 0.000000000000000000e+00 0.000000000000000000e+00
0.000000000000000000e+00 0.000000000000000000e+00 0.000000000000000000e+00
0.000000000000000000e+00 0.000000000000000000e+00 0.000000000000000000e+00
0.000000000000000000e+00 0.000000000000000000e+00 0.000000000000000000e+00
0.000000000000000000e+00 0.000000000000000000e+00 0.000000000000000000e+00
0.000000000000000000e+00 0.000000000000000000e+00 0.000000000000000000e+00
0.000000000000000000e+00 0.000000000000000000e+00 0.000000000000000000e+00
0.000000000000000000e+00 0.000000000000000000e+00 0.000000000000000000e+00
0.000000000000000000e+00 0.000000000000000000e+00 0.000000000000000000e+00
0.000000000000000000e+00 0.000000000000000000e+00 0.000000000000000000e+00
0.000000000000000000e+00 0.000000000000000000e+00 0.000000000000000000e+00
0.000000000000000000e+00 0.000000000000000000e+00 0.000000000000000000e+00
0.000000000000000000e+00 0.000000000000000000e+00 0.000000000000000000e+00
